0;0;258.693;-0.0123098
0;0;448.952;-0.0252053
0;0;564.708;-0.0388863
0;0;636.863;-0.0534756
0;0;688.34;-0.0689728
0;0;730.558;-0.0853777
0;0;768.341;-0.10269
0;0;803.914;-0.121095
0;0;837.264;-0.14023
0;0;868.975;-0.16027
0;0;899.102;-0.181215
0;0;927.646;-0.203065
0;0;954.863;-0.22605
0;0;980.211;-0.249716
0;0;1003.98;-0.274282
0;0;1026.19;-0.29975
-6.12323e-17;-1;1047.3;-0.326116
0;0;1066.4;-0.329264
0;0;1084.89;-0.315707
1;4;1101.84;-0.120283
1;11;1115.46;0.041392
2;20;1126.79;0.175151
4;33;1136.42;0.226419
6;48;1145.21;0.215946
8;67;1152.7;0.168353
10;88;1159.24;0.118998
13;113;1164.38;0.0538243
16;140;1168.68;-0.0129916
19;170;1172.07;-0.0817642
22;204;1174.24;-0.142797
25;241;1175.75;-0.178105
29;280;1176.78;-0.192524
33;322;1177.21;-0.199091
37;367;1177.26;-0.180131
42;415;1176.58;-0.140057
48;466;1175.18;-0.0793911
55;520;1172.89;-0.0163626
63;577;1169.7;0.0398751
73;636;1165.74;0.0754151
83;699;1160.97;0.0818584
93;764;1155.54;0.078306
105;832;1149.03;0.0632579
116;903;1141.7;0.0339898
128;977;1133.16;0.00715639
139;1052;1124.07;-0.0247122
150;1125;1115.2;-0.0575236
161;1199;1105.53;-0.0825353
172;1274;1095.12;-0.100427
183;1348;1084.58;-0.111007
195;1422;1073.51;-0.102602
206;1496;1062.13;-0.0836152
218;1570;1050.26;-0.0633665
231;1644;1037.54;-0.0410495
245;1718;1024.11;-0.025065
259;1791;1010.5;-0.0109499
273;1865;995.893;-0.00716993
287;1938;981.309;-0.0130868
302;2012;965.318;-0.0244858
317;2085;949.156;-0.0299155
332;2158;932.359;-0.0373874
347;2232;914.383;-0.0545028
362;2305;896.232;-0.0729641
378;2379;876.966;-0.076992
394;2452;857.295;-0.0891207
410;2525;836.958;-0.0970999
426;2598;815.993;-0.0951954
444;2671;793.976;-0.0888948
461;2744;771.724;-0.0903248
479;2816;748.998;-0.0901664
498;2889;724.769;-0.0905446
518;2961;700.388;-0.0844541
537;3032;676.285;-0.0904442
557;3101;652.829;-0.0941529
577;3167;631.332;-0.0984938
596;3231;610.819;-0.107318
615;3292;592.484;-0.111602
634;3352;574.266;-0.121908
653;3409;559.84;-0.129126
672;3464;544.906;-0.130424
690;3517;531.522;-0.13581
709;3569;518.738;-0.139196
728;3619;507.006;-0.1383
747;3668;495.86;-0.138731
767;3715;485.735;-0.135165
786;3761;476.802;-0.136607
806;3806;467.89;-0.131394
825;3850;459.858;-0.134285
845;3892;452.813;-0.132521
865;3934;445.972;-0.129869
886;3974;440.621;-0.126327
906;4014;434.907;-0.127969
927;4053;429.111;-0.126108
948;4092;423.188;-0.126407
969;4129;418.5;-0.128145
990;4166;413.728;-0.128682
1011;4202;409.53;-0.129233
1033;4237;405.728;-0.129651
1055;4272;401.552;-0.128694
1077;4306;397.891;-0.130648
1099;4340;394.155;-0.131507
1121;4373;390.892;-0.138118
1143;4406;387.607;-0.140639
1166;4438;384.735;-0.13685
1189;4469;382.076;-0.13541
1212;4500;379.348;-0.132993
1235;4530;377.114;-0.133011
1259;4560;374.324;-0.128941
1282;4589;372.833;-0.127677
1306;4618;370.426;-0.127885
1331;4646;367.974;-0.127242
1355;4674;365.986;-0.128733
1379;4701;364.513;-0.129477
1404;4728;362.645;-0.132188
1429;4755;360.465;-0.13385
1454;4781;358.788;-0.134719
1479;4807;357.039;-0.137536
1505;4832;355.261;-0.133938
1531;4857;353.367;-0.135067
1557;4881;352.263;-0.132802
1583;4905;350.83;-0.132286
1609;4928;349.836;-0.133444
1635;4951;348.831;-0.133853
1662;4974;347.135;-0.136329
1689;4996;345.947;-0.135082
1716;5018;344.982;-0.136071
1771;5060;316.8;-0.115011
1771;5060;343.004;-0.137714
1827;5100;315.07;-0.115569
1855;5120;314.32;-0.117757
1882;5138;314.82;-0.119729
1909;5156;315.269;-0.125944
1935;5173;316.817;-0.13278
1962;5189;318.411;-0.133636
1989;5206;319.279;-0.141868
2016;5222;320.657;-0.143556
2043;5238;322.007;-0.149446
2071;5254;322.779;-0.150203
2100;5269;323.165;-0.152335
2128;5284;324.637;-0.153468
2157;5299;325.179;-0.154341
2186;5313;326.071;-0.15598
2216;5327;326.331;-0.155267
2245;5340;327.699;-0.154436
2275;5353;328.388;-0.1538
2305;5365;329.707;-0.151564
2336;5377;330.075;-0.149444
2367;5389;330.51;-0.149236
2398;5400;331.339;-0.144619
2429;5411;332.201;-0.144384
2460;5421;333.356;-0.144731
2492;5431;334.103;-0.145956
2524;5441;334.678;-0.148837
2556;5449;335.787;-0.145887
2588;5458;336.779;-0.148609
2621;5466;337.259;-0.150904
2653;5474;338.947;-0.15364
2686;5481;339.925;-0.150526
2720;5488;340.235;-0.148431
2752;5495;342.201;-0.152299
2786;5501;342.923;-0.149916
2820;5506;343.904;-0.145407
2854;5511;345.253;-0.145558
2888;5515;346.566;-0.143276
2922;5519;348.017;-0.142722
2956;5523;349.666;-0.141188
2991;5526;350.707;-0.139688
3026;5529;351.907;-0.139929
3061;5531;353.613;-0.138119
3096;5532;355.186;-0.136485
3131;5534;356.935;-0.137771
3167;5534;358.098;-0.13262
3202;5535;360.182;-0.135907
3238;5534;361.944;-0.133041
3274;5534;363.937;-0.133016
3310;5533;365.761;-0.133156
3346;5531;367.816;-0.125234
3383;5529;369.216;-0.12189
3419;5526;371.512;-0.118673
3456;5523;373.513;-0.117502
3493;5520;375.37;-0.120538
3530;5516;377.385;-0.118242
3568;5511;378.712;-0.113957
3605;5506;381.03;-0.11067
3642;5501;383.556;-0.108793
3680;5495;385.672;-0.108148
3718;5489;387.679;-0.108778
3756;5482;389.729;-0.109906
3793;5475;392.846;-0.105707
3832;5467;394.389;-0.106528
3870;5459;397.299;-0.105132
3909;5450;399.112;-0.10492
3947;5442;402.106;-0.109102
3986;5432;404.213;-0.104678
4025;5422;406.506;-0.104712
4064;5412;409.06;-0.102948
4103;5401;411.982;-0.0987844
4142;5390;414.755;-0.0988587
4181;5379;417.762;-0.100185
4221;5367;420.04;-0.0968745
4261;5354;422.311;-0.090996
4300;5341;425.903;-0.088504
4340;5327;428.379;-0.0812228
4381;5313;430.306;-0.0797568
4421;5299;433.201;-0.0814775
4461;5284;436.083;-0.0772913
4501;5269;439.177;-0.0775984
4542;5253;441.849;-0.0769494
4583;5237;444.363;-0.0807319
4623;5220;447.558;-0.0805016
4664;5203;450.294;-0.0760388
4705;5186;453.246;-0.0761252
4747;5168;455.778;-0.0753891
4788;5150;458.898;-0.0739971
4830;5131;461.201;-0.071663
4871;5112;464.449;-0.072301
4913;5093;467.234;-0.0721116
4955;5073;469.898;-0.072951
4997;5053;473.204;-0.0750109
5039;5032;476.023;-0.0707194
5081;5011;479.056;-0.0710886
5123;4989;481.967;-0.0689011
5166;4967;484.401;-0.0695541
5208;4945;488.218;-0.0657614
5251;4923;491.137;-0.0683703
5294;4899;493.558;-0.061127
5337;4876;496.577;-0.0621217
5380;4852;499.466;-0.056723
5423;4827;502.6;-0.05271
5466;4802;505.541;-0.0494778
5510;4777;508.009;-0.0530574
5553;4751;511.01;-0.0481797
5597;4725;513.539;-0.0501644
5640;4699;516.985;-0.0509855
5684;4672;520;-0.0514787
5728;4645;522.823;-0.0487228
5772;4618;525.862;-0.0508189
5816;4590;528.702;-0.050381
5860;4562;531.768;-0.0507814
5904;4533;535.09;-0.0446597
5949;4504;537.501;-0.0455062
5994;4474;539.708;-0.0397015
6038;4445;543.232;-0.0399221
6083;4414;545.407;-0.0407007
6127;4384;548.921;-0.0391506
6172;4353;552.003;-0.0374133
6217;4322;554.827;-0.0405703
6262;4290;557.407;-0.0412251
6308;4259;560.004;-0.0482243
6353;4226;562.559;-0.0428307
6399;4194;565.594;-0.0481749
6444;4161;568.55;-0.0485633
6490;4128;571.078;-0.0476354
6536;4095;573.813;-0.0473844
6582;4061;576.279;-0.0445762
6627;4027;579.599;-0.0355804
6673;3992;582.468;-0.0309312
6720;3957;584.413;-0.0292496
6765;3921;587.327;-0.0246569
6812;3886;589.655;-0.0287583
6858;3850;592.319;-0.0278845
6904;3814;595.668;-0.0277161
6951;3777;597.577;-0.0319858
6997;3740;600.309;-0.0298222
7044;3703;602.598;-0.0307376
7091;3666;605.07;-0.0322403
7138;3628;607.231;-0.0265454
7185;3590;610.068;-0.0261412
7231;3551;612.687;-0.0205775
7278;3512;614.862;-0.0133773
7326;3473;616.587;-0.0139719
7373;3434;619.092;-0.0172817
7420;3395;621.764;-0.0211349
7467;3355;624.604;-0.0225367
7514;3315;627.088;-0.0243897
7562;3275;629.65;-0.0245938
7610;3234;631.325;-0.0269989
7658;3193;633.156;-0.0299111
7705;3152;635.755;-0.025839
7754;3111;637.283;-0.0323211
7801;3069;639.657;-0.0261176
7849;3028;642.625;-0.0260475
7898;2985;643.547;-0.0278758
7946;2943;645.747;-0.0255732
7994;2900;647.555;-0.020671
8042;2858;650.023;-0.024133
8090;2815;652.1;-0.0200123
8139;2771;653.708;-0.0210341
8187;2728;656.044;-0.0176617
8235;2684;657.964;-0.0167141
8284;2640;659.413;-0.0188283
8332;2596;661.58;-0.0135419
8381;2551;663.273;-0.0134704
8430;2506;664.538;-0.0136992
8478;2462;667.046;-0.0144958
8527;2417;668.534;-0.0153889
8576;2371;669.586;-0.0136711
8625;2326;671.28;-0.0203452
8674;2280;673.088;-0.0193075
8723;2235;674.996;-0.0162569
8772;2189;676.449;-0.0157302
8821;2142;677.447;-0.0125664
8870;2096;679.084;-0.0125781
8919;2049;680.817;-0.00475897
8968;2003;682.628;-0.00525017
9017;1956;683.97;-0.00308141
9066;1908;684.836;-0.0035074
9115;1861;686.331;-0.00706061
9165;1814;687.325;-0.0083388
9214;1766;688.97;-0.00948471
9264;1719;690.101;-0.0164612
9313;1671;691.327;-0.00737986
9363;1623;692.033;-0.0118576
9412;1575;693.376;-0.00842099
9462;1527;694.198;-0.0132514
9512;1479;695.637;-0.0182843
9562;1430;696.012;-0.0152287
9611;1382;697.565;-0.0123841
9661;1334;698.587;-0.0178093
9711;1285;699.097;-0.0151387
9761;1236;699.646;-0.0125801
9811;1187;700.797;-0.0101464
9860;1138;701.986;-0.00496802
9910;1089;702.634;-0.00267884
9960;1039;702.746;-0.00301573
10010;990;703.447;-0.000873106
10059;940;704.74;0.00145695
10109;891;705.481;-0.00191297
10159;841;705.674;-0.00249332
10209;792;706.443;-0.00594956
10259;742;706.659;-0.00659849
10309;692;707.449;-0.00728394
10359;642;707.675;-0.007966
10409;593;708.469;-0.00605441
10459;543;708.694;-0.0067321
10509;493;708.914;-0.00739519
10560;443;708.56;-0.0108588
10610;393;709.325;-0.0169169
10660;343;709.513;-0.0174841
10710;293;709.689;-0.0125577
10761;243;709.278;-0.0103981
10811;192;708.842;-0.00795744
10861;142;709.514;-0.00282975
10911;92;709.589;0.00238803
10961;42;709.633;0.00225744
11011;-8;709.641;0.00767216
11061;-59;709.045;0.0105703
11111;-109;708.979;0.00533448
11160;-159;709.996;0.00851505
11210;-210;709.267;0.0172447
11260;-260;709.065;0.0124202
11310;-310;708.806;0.0131904
11360;-360;708.493;0.0141238
11410;-411;708.121;0.0126381
11460;-461;707.692;0.00850101
11510;-511;707.2;0.00456111
11560;-561;706.64;0.00082851
11610;-610;706.575;-0.000108714
11661;-660;705.305;-0.006221
11711;-710;705.087;-0.00386098
11761;-760;704.233;-0.00127532
11811;-809;703.861;-0.00668643
11861;-858;703.407;-0.00644349
11911;-908;702.304;-0.00309357
11961;-957;702.228;-0.0022998
12011;-1007;700.942;0.00697692
12060;-1056;700.693;0.0111272
12110;-1105;699.779;0.0127565
12160;-1155;698.205;0.0121748
12210;-1204;697.092;0.00907981
12260;-1253;696.419;0.0063536
12310;-1302;695.09;0.00394629
12359;-1350;694.78;0.00715886
12409;-1398;693.786;0.0026
12459;-1447;692.116;0.00658998
12508;-1496;691.44;0.0137776
12558;-1544;690.086;0.0156466
12607;-1592;689.179;0.0206904
12657;-1640;687.584;0.0127831
12706;-1688;686.423;0.0186321
12755;-1736;685.142;0.0143789
12805;-1783;684.235;0.0102161
12854;-1831;682.673;0.0173529
12903;-1878;681.532;0.016813
12953;-1925;679.671;0.0139734
13002;-1972;678.244;0.0143748
13052;-2019;676.091;0.0125079
13101;-2066;674.894;0.0139453
13150;-2112;673.57;0.0129321
13199;-2158;672.091;0.0124299
13248;-2204;670.46;0.00730764
13297;-2250;668.664;0.013004
13346;-2296;667.228;0.0141581
13395;-2341;665.658;0.00777897
13444;-2387;663.377;0.0100178
13493;-2432;661.471;0.00989438
13542;-2477;659.395;0.0103552
13590;-2522;657.732;0.0191563
13639;-2566;656.357;0.01791
13688;-2610;654.296;0.0172104
13736;-2654;652.653;0.0148166
13785;-2698;650.232;0.0153844
13833;-2742;648.222;0.0192747
13881;-2785;646.563;0.0208368
13930;-2829;644.084;0.0234366
13978;-2872;642.048;0.0263241
14026;-2914;640.354;0.0268978
14074;-2957;637.934;0.0311422
14122;-2999;635.851;0.0330878
14170;-3042;633.539;0.033964
14218;-3084;631.07;0.0325097
14265;-3125;629.53;0.0314235
14313;-3166;627.184;0.0284735
14361;-3208;624.113;0.029344
14409;-3248;622.353;0.0250232
14456;-3289;619.998;0.0270577
14504;-3329;617.335;0.0290054
14551;-3369;615.081;0.0296
14598;-3408;613.13;0.0279516
14646;-3448;609.84;0.0276622
14693;-3486;608.44;0.0200416
14740;-3525;605.843;0.0209638
14787;-3563;603.534;0.01966
14834;-3602;600.504;0.0223542
14881;-3639;598.251;0.0243059
14928;-3677;595.282;0.0256774
14975;-3714;593.031;0.0294894
15022;-3751;590.1;0.034095
15068;-3788;587.582;0.0375729
15114;-3824;585.334;0.0388441
15161;-3861;581.722;0.0462228
15207;-3897;579.018;0.0493959
15253;-3932;577.011;0.0504937
15299;-3967;574.349;0.0480489
15345;-4002;571.455;0.0466428
15391;-4037;568.315;0.0506563
15436;-4071;566.094;0.0462042
15482;-4105;562.984;0.0447961
15528;-4138;560.532;0.0413719
15574;-4171;557.418;0.0389384
15619;-4204;554.704;0.0442095
15665;-4236;551.581;0.0407461
15710;-4268;548.859;0.0449382
15755;-4300;546.325;0.0461596
15800;-4331;543.583;0.0492973
15845;-4362;540.616;0.0494034
15890;-4393;537.426;0.0465681
15935;-4423;534.431;0.0457612
15980;-4453;531.195;0.0461597
16024;-4482;529.225;0.0467689
16069;-4511;525.945;0.046267
16113;-4540;523.097;0.0491811
16157;-4568;520.442;0.0499638
16201;-4596;517.547;0.0519892
16246;-4624;514.119;0.0533001
16289;-4651;511.846;0.056595
16333;-4678;508.653;0.0590584
16377;-4705;505.221;0.0628307
16421;-4731;501.964;0.0645024
16464;-4757;499.175;0.0657181
16507;-4783;496.523;0.0684544
16551;-4808;492.975;0.0669724
16594;-4832;490.279;0.0654204
16637;-4856;487.344;0.0652661
16680;-4880;484.194;0.062822
16722;-4903;482.255;0.0604074
16765;-4926;478.999;0.0610933
16808;-4949;475.531;0.0596133
16850;-4971;472.895;0.061583
16893;-4992;469.659;0.0632493
16935;-5014;466.564;0.0681661
16977;-5034;464.3;0.0675874
17019;-5055;461.108;0.0719416
17061;-5075;458.041;0.0742291
17103;-5095;454.772;0.0745748
17144;-5114;452.323;0.0780438
17186;-5133;448.925;0.0813951
17227;-5151;446.719;0.0810758
17268;-5169;443.962;0.0821781
17309;-5187;440.993;0.0849099
17350;-5204;438.151;0.0822464
17391;-5221;435.098;0.0812912
17432;-5237;432.135;0.0783546
17472;-5253;430.003;0.0820717
17512;-5268;427.635;0.0835305
17553;-5283;424.312;0.0852858
17593;-5298;421.543;0.0901449
17633;-5312;418.848;0.0929534
17673;-5325;416.552;0.0907112
17713;-5339;413.498;0.0938501
17753;-5352;410.481;0.0981584
17792;-5364;408.281;0.101628
17831;-5376;405.928;0.103718
17870;-5388;403.432;0.104513
17909;-5399;401.282;0.10353
17948;-5409;398.839;0.103408
17987;-5420;396.346;0.106172
18026;-5429;393.757;0.105913
18064;-5439;391.624;0.109341
18103;-5447;388.919;0.105974
18141;-5456;386.662;0.109308
18179;-5464;384.678;0.113809
18217;-5471;382.449;0.113126
18255;-5478;380.072;0.114379
18292;-5485;378.382;0.115363
18330;-5491;375.868;0.116592
18367;-5497;374.051;0.117529
18405;-5502;371.672;0.119017
18442;-5507;369.722;0.119966
18479;-5511;367.712;0.121762
18515;-5515;366.421;0.123125
18552;-5518;364.3;0.1221
18588;-5521;363.141;0.123648
18625;-5523;360.866;0.122702
18661;-5525;359.289;0.124034
18697;-5527;357.587;0.130114
18733;-5528;355.911;0.128736
18769;-5529;354.116;0.132136
18804;-5529;353.322;0.133834
18840;-5529;351.39;0.137312
18875;-5528;350.223;0.136093
18910;-5527;348.994;0.136894
18945;-5525;347.676;0.135737
18980;-5523;346.566;0.136877
19014;-5521;345.91;0.142165
19049;-5518;344.401;0.143154
19084;-5514;342.777;0.142264
19118;-5510;342.173;0.14325
19152;-5506;341.286;0.146001
19186;-5501;340.274;0.146817
19219;-5496;340.039;0.149023
19253;-5490;338.92;0.147332
19286;-5484;338.799;0.1498
19319;-5477;338.309;0.147471
19352;-5470;337.822;0.14713
19385;-5462;337.211;0.142307
19418;-5454;336.526;0.144671
19451;-5445;335.659;0.145183
19483;-5436;335.89;0.144284
19515;-5427;335.804;0.150206
19547;-5417;335.568;0.151656
19579;-5406;335.167;0.148681
19611;-5395;334.802;0.147675
19642;-5384;335.504;0.147485
19674;-5372;334.97;0.146602
19705;-5360;335.241;0.146196
19736;-5347;335.227;0.146533
19766;-5334;336.01;0.147151
19797;-5320;336.07;0.147798
19827;-5306;336.662;0.1484
19858;-5291;336.576;0.146614
19888;-5276;336.974;0.147277
19918;-5261;338.538;0.1507
19947;-5245;339.496;0.146922
19977;-5229;339.797;0.149417
20006;-5212;340.772;0.148479
20035;-5195;341.57;0.149034
20065;-5177;341.694;0.147618
20093;-5159;343.007;0.143485
20122;-5140;343.358;0.137208
20150;-5121;344.395;0.135685
20178;-5101;345.084;0.132537
20206;-5081;345.922;0.128414
20234;-5061;347.123;0.128805
20261;-5040;348.322;0.124994
20289;-5018;348.476;0.124794
20316;-4997;349.919;0.124195
20343;-4974;350.437;0.121681
20369;-4952;352.491;0.12145
20396;-4929;353.262;0.122125
20422;-4906;354.806;0.118992
20448;-4882;355.908;0.117124
20474;-4858;357.145;0.116782
20500;-4833;358.298;0.112527
20525;-4808;359.796;0.112279
20550;-4783;361.465;0.110722
20575;-4757;362.702;0.107815
20600;-4731;364.048;0.109153
20624;-4704;365.796;0.106481
20649;-4677;366.811;0.110831
20673;-4650;368.542;0.110827
20697;-4622;369.816;0.109589
20721;-4594;371.202;0.112606
20745;-4566;372.775;0.114171
20768;-4537;374.7;0.111661
20791;-4508;376.459;0.110296
20814;-4478;377.737;0.107799
20837;-4449;379.834;0.106151
20860;-4418;380.807;0.100991
20882;-4388;383.016;0.0991909
20904;-4357;385.016;0.0994377
20926;-4325;386.25;0.0925936
20947;-4294;388.712;0.0889057
20969;-4261;389.522;0.0883215
20990;-4229;391.59;0.0878684
21011;-4196;393.463;0.0866508
21031;-4163;395.581;0.0831025
21052;-4129;396.744;0.0820797
21072;-4096;399.131;0.0839707
21092;-4061;400.313;0.0799206
21112;-4027;402.332;0.0790824
21132;-3992;404.119;0.0806964
21151;-3957;406.131;0.076737
21171;-3922;407.907;0.0774248
21190;-3886;409.483;0.0769881
21208;-3850;411.571;0.0741653
21227;-3813;412.721;0.0742184
21245;-3777;415.434;0.0738081
21264;-3739;416.527;0.0713659
21282;-3702;418.442;0.0744699
21299;-3665;420.863;0.0718506
21317;-3627;422.358;0.0722399
21334;-3589;424.303;0.073345
21352;-3550;425.704;0.0744622
21369;-3511;427.215;0.072882
21385;-3472;429.174;0.0687017
21402;-3433;430.93;0.0725568
21418;-3394;433.128;0.0737838
21434;-3354;435.098;0.071366
21450;-3313;436.093;0.0683757
21466;-3273;437.939;0.0712567
21482;-3232;439.19;0.070387
21497;-3191;440.828;0.070189
21512;-3150;442.974;0.0677696
21527;-3109;444.879;0.0661931
21541;-3067;446.412;0.0605041
21556;-3025;447.782;0.0630321
21570;-2983;449.547;0.0593314
21583;-2940;450.908;0.0515611
21597;-2897;452.49;0.0521872
21610;-2854;454.033;0.0533477
21624;-2811;455.468;0.0558444
21637;-2768;457.228;0.0589909
21649;-2724;458.55;0.058159
21662;-2680;459.748;0.0621668
21674;-2636;461.647;0.0634583
21687;-2592;463.07;0.0658921
21699;-2547;464.035;0.0643786
21711;-2503;465.87;0.064853
21722;-2458;467.243;0.0577951
21733;-2413;469.069;0.0553772
21744;-2368;470.598;0.0537581
21755;-2322;471.437;0.0521444
21766;-2276;472.362;0.0514851
21776;-2230;473.532;0.051497
21786;-2184;474.795;0.0488098
21796;-2138;476.511;0.0508114
21806;-2092;477.915;0.0536175
21815;-2045;478.771;0.05263
21825;-1998;479.556;0.0528282
21834;-1951;480.55;0.0537095
21843;-1904;482.022;0.0519429
21851;-1857;483.308;0.0470171
21859;-1809;483.849;0.0460097
21868;-1762;485.118;0.0468253
21875;-1714;485.906;0.0437135
21883;-1666;486.632;0.0417364
21890;-1618;487.917;0.0405628
21898;-1570;488.738;0.0441375
21905;-1522;489.711;0.0484142
21911;-1473;490.063;0.0453263
21918;-1425;491.138;0.0476565
21924;-1376;491.567;0.0463929
21930;-1328;493.239;0.0428742
21936;-1279;493.74;0.0434119
21942;-1230;494.275;0.044855
21948;-1181;494.83;0.0509952
21953;-1132;495.515;0.0502658
21958;-1083;496.626;0.0505469
21963;-1034;497.361;0.051597
21968;-984;497.322;0.0531653
21972;-935;498.186;0.048197
21976;-885;498.653;0.047712
21980;-836;499.543;0.0444975
21984;-786;499.635;0.0456993
21987;-736;499.803;0.0399853
21990;-686;500.351;0.0429553
21993;-636;500.512;0.0428826
21996;-587;501.474;0.0439208
21998;-537;501.676;0.0416393
22000;-487;501.857;0.0441069
22003;-436;501.615;0.0475783
22004;-386;501.824;0.0440191
22006;-336;501.991;0.0453562
22008;-286;502.147;0.0475935
22009;-236;502.308;0.0467331
22010;-186;502.865;0.0430309
22010;-136;502.994;0.0399732
22011;-85;502.29;0.0417939
22011;-35;502.765;0.0406738
22011;15;502.782;0.0482605
22011;65;502.779;0.0527021
22011;116;501.942;0.0580787
22010;166;501.879;0.0565065
22009;216;502.189;0.0521213
22009;266;502.059;0.0563835
22007;316;501.851;0.0535711
22006;366;501.616;0.0556831
22004;416;501.309;0.0547276
22002;467;500.149;0.0548659
22000;517;500.147;0.0520858
21998;566;500.478;0.0537658
21995;616;499.927;0.0487499
21992;666;499.313;0.0446979
21989;716;499.014;0.0455528
21985;766;498.213;0.0394516
21982;816;497.391;0.0421393
21978;865;497.248;0.0376736
21973;915;496.152;0.0343445
21969;964;495.836;0.0394227
21964;1013;495.381;0.0376762
21959;1063;494.424;0.0412099
21954;1112;493.791;0.0452152
21949;1161;493.073;0.0501944
21944;1210;492.269;0.0561526
21939;1259;491.396;0.0593262
21933;1308;490.727;0.05966
21927;1357;489.581;0.0608838
21921;1405;489.135;0.062624
21914;1454;487.715;0.0581809
21908;1502;487.475;0.058336
21901;1551;486.215;0.0598651
21894;1599;485.284;0.0580179
21886;1647;484.109;0.0569861
21879;1695;483.327;0.0610825
21871;1742;482.743;0.0578067
21863;1790;481.241;0.0599513
21855;1837;480.79;0.0626104
21846;1885;478.923;0.0629759
21838;1932;477.873;0.0676485
21829;1979;476.582;0.0658124
21819;2026;475.016;0.0611674
21810;2073;473.851;0.061706
21800;2119;472.82;0.0585134
21790;2165;471.663;0.0564367
21780;2212;469.962;0.0564937
21770;2258;468.536;0.0603075
21748;2349;430.199;0.0464809
21748;2349;466.095;0.0592
21726;2440;427.136;0.0496414
21726;2440;462.766;0.062605
21703;2530;424.483;0.0527528
21691;2574;424.16;0.0516852
21679;2618;422.625;0.0546507
21667;2660;423.21;0.0536503
21656;2700;424.695;0.0583864
21644;2741;425.751;0.061714
21632;2781;427.082;0.0648741
21620;2822;427.527;0.0669897
21607;2863;427.598;0.0664094
21594;2904;427.544;0.0637054
21581;2944;428.446;0.0610739
21568;2985;428.104;0.0607096
21554;3025;428.102;0.0597612
21540;3066;427.195;0.0613256
21526;3106;427.212;0.0662266
21512;3146;426.745;0.0722083
21497;3186;425.878;0.0724018
21482;3226;425.19;0.0740272
21467;3266;424.043;0.0735439
21452;3306;422.728;0.0776358
21437;3345;422.012;0.0815855
21421;3385;420.134;0.0814034
21405;3424;418.823;0.084319
21389;3462;418.472;0.0807901
21372;3501;416.573;0.0795757
21356;3539;415.601;0.0786637
21339;3577;414.16;0.0755149
21321;3615;412.21;0.0733611
21304;3652;411.172;0.0745948
21286;3690;409.233;0.075547
21268;3727;407.529;0.0792261
21250;3763;406.417;0.0794697
21231;3800;404.081;0.0794211
21213;3836;402.675;0.0826409
21194;3871;401.792;0.0790461
21175;3907;400.027;0.0819421
21156;3942;398.543;0.0812545
21136;3977;396.503;0.0816896
21117;4012;394.713;0.087186
21097;4046;393.378;0.0889759
21077;4080;391.602;0.0921677
21057;4114;389.719;0.0939714
21036;4147;387.965;0.091923
21016;4180;386.497;0.0949086
20995;4213;384.762;0.0963582
20974;4245;383.275;0.097123
20952;4277;381.214;0.0962273
20931;4309;379.499;0.0974469
20909;4340;377.838;0.0977287
20887;4371;376.079;0.0968373
20865;4402;374.452;0.100777
20843;4432;373.072;0.10389
20820;4462;371.126;0.10269
20798;4492;369.521;0.109297
20775;4521;367.985;0.109227
20752;4550;366.858;0.11418
20728;4578;365.217;0.112083
20705;4606;363.978;0.11487
20681;4634;362.125;0.116426
20657;4662;360.487;0.117307
20633;4688;359.678;0.114528
20609;4715;358.186;0.116274
20584;4741;356.685;0.111527
20559;4767;355.062;0.111442
20534;4792;354.198;0.110677
20509;4817;352.987;0.111585
20484;4842;351.641;0.119795
20458;4866;350.234;0.121551
20432;4890;348.796;0.122555
20406;4913;347.794;0.125206
20380;4936;347.036;0.127327
20353;4959;345.356;0.128565
20327;4981;344.756;0.131297
20300;5003;343.498;0.133416
20273;5025;342.203;0.137525
20246;5046;341.416;0.137847
20219;5066;341.343;0.137169
20192;5086;340.984;0.138166
20164;5106;340;0.136183
20136;5125;339.456;0.132932
20107;5144;338.192;0.132065
20079;5163;337.593;0.135421
20050;5181;337.015;0.135501
20022;5198;337.277;0.135997
19992;5215;336.209;0.131782
19963;5232;335.802;0.134186
19934;5248;335.85;0.132485
19904;5264;335.176;0.13344
19874;5279;335.158;0.133101
19844;5294;334.948;0.131935
19814;5309;334.743;0.13532
19784;5323;334.97;0.134471
19753;5336;334.798;0.132858
19722;5349;334.933;0.133467
19691;5362;334.862;0.135809
19660;5374;335.154;0.13639
19629;5386;335.557;0.136316
19597;5397;335.515;0.135624
19566;5408;336.303;0.138176
19534;5419;336.693;0.141601
19502;5429;337.24;0.137728
19470;5438;337.978;0.139668
19437;5447;338.123;0.137217
19404;5456;338.328;0.139299
19372;5464;339.616;0.140369
19339;5472;340.56;0.139951
19306;5479;341.481;0.139844
19272;5486;341.695;0.143392
19239;5493;343.147;0.147204
19205;5499;343.82;0.147923
19172;5504;345.591;0.144504
19138;5509;346.617;0.147502
19103;5514;347.041;0.149107
19069;5518;348.795;0.149299
19035;5522;350.466;0.148258
19000;5525;351.577;0.144544
18965;5528;352.847;0.142552
18930;5530;354.627;0.138491
18895;5531;356.607;0.132074
18859;5533;357.593;0.133674
18824;5533;359.592;0.129036
18788;5533;360.994;0.123203
18752;5533;362.536;0.121765
18716;5532;364.209;0.120727
18680;5531;366.371;0.1215
18644;5529;368.383;0.119628
18607;5527;369.785;0.119556
18570;5524;371.326;0.117096
18534;5521;373.856;0.115836
18497;5517;376.025;0.112659
18460;5513;378.078;0.110775
18422;5508;379.443;0.106908
18385;5503;381.803;0.104016
18348;5498;384.372;0.102526
18310;5492;386.21;0.102078
18272;5485;388.452;0.0993586
18234;5479;390.724;0.101814
18196;5471;392.918;0.097823
18158;5463;395.292;0.0982538
18120;5455;397.943;0.0939738
18081;5446;400.168;0.0912446
18043;5437;403.029;0.0918476
18004;5428;405.341;0.0947351
17965;5418;407.658;0.0982272
17926;5407;410.026;0.096082
17887;5397;413.182;0.099292
17847;5385;415.02;0.0970079
17808;5374;418.08;0.0987405
17768;5362;420.411;0.0958264
17729;5349;423.47;0.092354
17689;5336;426.025;0.0880568
17649;5322;428.894;0.0846184
17609;5309;431.901;0.0859716
17568;5294;433.86;0.0823261
17528;5279;436.779;0.0818489
17487;5264;439.212;0.0805976
17447;5248;442.718;0.0754748
17406;5232;445.342;0.0727592
17365;5215;447.904;0.0674558
17324;5198;450.682;0.0667027
17283;5180;453.364;0.0668624
17242;5162;456.282;0.0681616
17200;5144;459.121;0.068843
17159;5125;462.214;0.0651556
17118;5106;465.524;0.0660649
17076;5086;468.01;0.0661186
17034;5066;470.753;0.0636481
16992;5046;474.14;0.0623391
16950;5025;477.014;0.058285
16908;5004;480.109;0.0588878
16865;4982;482.384;0.0550683
16823;4960;485.573;0.057821
16780;4937;487.935;0.056185
16738;4914;491.637;0.057557
16695;4891;494.474;0.0578894
16652;4867;497.164;0.0556696
16609;4843;500.088;0.0543908
16566;4819;503.231;0.0578849
16522;4794;505.948;0.060983
16479;4769;509.166;0.0628972
16435;4743;511.541;0.0603749
16392;4718;515.245;0.0601329
16348;4691;517.673;0.0559262
16304;4664;520.768;0.0527174
16260;4637;523.637;0.0542327
16216;4610;526.736;0.0566085
16172;4582;529.655;0.0523816
16127;4554;532.11;0.055189
16083;4525;535.047;0.0492033
16038;4496;537.988;0.0462958
15994;4466;540.911;0.0426432
15949;4437;543.847;0.041151
15905;4406;546.757;0.0357132
15860;4376;549.673;0.0365931
15815;4345;552.342;0.0391692
15770;4313;555.247;0.0351026
15725;4282;558.348;0.0392188
15680;4250;561.2;0.0408228
15634;4217;563.158;0.0379226
15589;4185;566.43;0.0409961
15543;4152;569.284;0.0396336
15498;4118;572.041;0.0332618
15452;4085;574.83;0.0331444
15406;4051;577.337;0.0348997
15360;4016;579.566;0.0341451
15314;3982;582.473;0.037266
15268;3947;585.586;0.0379568
15222;3911;587.92;0.0360252
15176;3876;590.933;0.0379112
15129;3840;593.017;0.0397065
15082;3804;595.292;0.0421377
15036;3767;598.403;0.0350791
14989;3731;601.057;0.038709
14943;3693;603.527;0.0341764
14896;3656;606.05;0.0358462
14849;3618;608.263;0.0303069
14802;3580;610.643;0.0299807
14755;3541;613.209;0.0224893
14708;3503;615.94;0.023229
14661;3463;617.82;0.0183396
14614;3424;620.379;0.0170445
14567;3384;622.584;0.0179669
14519;3344;624.858;0.0220794
14472;3304;627.388;0.024066
14424;3264;629.475;0.0243248
14377;3223;631.802;0.0242634
14329;3182;633.683;0.0224388
14281;3141;635.716;0.0210741
14233;3100;638.42;0.0251174
14185;3058;640.223;0.0265393
14137;3016;642.177;0.0234968
14089;2974;644.258;0.0307544
14041;2932;646.487;0.033524
13993;2889;648.335;0.0287464
13945;2846;650.851;0.0244269
13896;2803;652.368;0.0230823
13848;2760;654.612;0.0194409
13800;2716;656.441;0.0182188
13751;2673;658.344;0.0179768
13703;2628;660.422;0.0145862
13654;2584;662.031;0.0120787
13606;2539;663.802;0.00933757
13557;2495;665.641;0.0125892
13509;2450;667.636;0.0105183
13460;2404;668.611;0.00342953
13411;2359;670.784;0.0047492
13362;2313;671.966;0.00341193
13314;2267;673.832;0.00480376
13265;2221;675.212;0.00406405
13216;2175;676.688;0.00360435
13167;2129;678.252;0.0138182
13117;2083;679.884;0.0167038
13068;2036;681.083;0.0141432
13019;1990;682.917;0.0147299
12970;1943;684.276;0.0178952
12920;1896;685.139;0.0188063
12871;1849;687.217;0.0172216
12821;1801;687.679;0.0156745
12772;1754;689.342;0.014451
12722;1706;689.941;0.0133066
12673;1658;691.182;0.00427063
12624;1611;693.039;0.00356394
12574;1562;693.827;0.000102157
12524;1514;694.668;-0.000361539
12475;1465;695.575;-0.000998045
12425;1417;696.52;-0.00116733
12376;1368;697.523;-0.00151418
12326;1319;697.999;0.00107632
12276;1270;699.082;0.00381814
12227;1222;700.769;0.00670504
12177;1173;705.325;0.00442996
12127;1123;705.39;0.00462472
12077;1074;706.045;0.00775885
12027;1025;706.727;0.0109737
11976;975;706.301;0.0142171
11926;926;707.595;0.0175935
11876;876;707.777;0.0181476
11826;827;708.541;0.0161619
11775;777;708.181;0.0196063
11725;727;708.407;0.00939973
11675;677;709.201;0.00465045
11625;627;709.428;0.00533275
11575;577;709.656;0.000572093
11524;527;710.451;-0.00136361
11474;477;711.236;0.00474576
11424;427;711.446;-8.39928e-05
11374;376;711.077;-0.00231786
11324;326;711.26;-0.00177205
11274;276;711.425;-0.00127923
11224;225;711;-0.00912554
11174;175;711.688;-0.00877159
11123;125;711.219;-0.000199896
11073;74;710.716;-0.00283184
11023;24;710.748;-0.00273683
10973;-26;710.745;-0.00274755
10923;-76;710.703;0.00257834
10873;-127;710.618;-0.0059527
10822;-177;709.925;-0.00350158
10772;-227;709.751;0.00141979
10722;-278;708.961;-0.00208209
10672;-328;708.681;-0.00834972
10622;-378;708.348;-0.00934637
10572;-428;708.517;-0.0105354
10522;-478;708.063;-0.0118934
10472;-528;707.547;-0.00801707
10422;-578;706.963;-0.00435103
10372;-628;706.308;-0.00632279
10322;-678;705.579;-0.00851404
10272;-728;705.332;-0.0109545
10222;-778;704.448;-0.0136128
10172;-828;703.487;-0.0111206
10122;-877;703.002;-0.0114488
10072;-927;701.869;-0.0094935
10022;-976;701.762;-0.00500392
9972;-1025;701.007;-0.000783638
9922;-1074;700.156;-0.00223625
9872;-1124;698.647;-0.00147901
9823;-1173;698.168;-0.00634805
9773;-1221;697.576;-0.000526467
9723;-1270;696.863;-0.00327109
9673;-1319;695.493;-0.00632587
9623;-1368;694.011;-0.00972295
9574;-1416;693.549;-0.00809053
9524;-1465;691.836;-0.0122102
9474;-1513;691.097;-0.0191764
9425;-1561;690.269;-0.0239684
9376;-1610;688.765;-0.0267195
9326;-1658;687.12;-0.0242308
9277;-1706;685.919;-0.0249548
9227;-1754;684.546;-0.0233769
9178;-1801;683.625;-0.0273403
9129;-1849;682.018;-0.0293762
9080;-1896;680.828;-0.0289904
9030;-1943;678.918;-0.0263029
8981;-1991;676.887;-0.029756
8932;-2037;676.355;-0.0175913
8883;-2084;674.586;-0.0139925
8833;-2130;672.625;-0.0104415
8784;-2176;671.094;-0.00500063
8735;-2222;669.405;-0.00524834
8686;-2267;668.101;-0.00310242
8637;-2313;666.606;-0.00959744
8588;-2358;664.971;-0.0136448
8539;-2403;663.174;-0.0131441
8490;-2448;661.207;-0.0132197
8441;-2493;659.07;-0.0138831
8393;-2538;657.35;-0.0178459
8344;-2582;655.911;-0.0168224
8295;-2627;653.242;-0.0243223
8247;-2671;651.53;-0.0271554
8199;-2715;649.637;-0.0306155
8150;-2759;646.968;-0.0320323
8102;-2802;645.741;-0.0338914
8054;-2845;643.836;-0.0313906
8006;-2888;641.743;-0.0295871
7957;-2931;638.86;-0.0258471
7909;-2974;636.375;-0.0303764
7862;-3016;634.835;-0.030377
7813;-3058;632.38;-0.0259251
7766;-3099;630.969;-0.0243858
7718;-3140;628.752;-0.0209801
7670;-3181;626.325;-0.023155
7622;-3222;623.694;-0.0260825
7574;-3263;621.331;-0.0298596
7527;-3303;619.41;-0.0338719
7479;-3344;616.164;-0.0343964
7432;-3383;614.35;-0.032215
7385;-3423;611.799;-0.0386169
7338;-3462;609.559;-0.0380795
7291;-3501;607.568;-0.0384868
7244;-3540;604.895;-0.0396663
7196;-3578;601.892;-0.036101
7150;-3617;599.405;-0.0415832
7103;-3654;597.096;-0.0346436
7056;-3692;594.04;-0.0408879
7009;-3729;591.72;-0.040458
6963;-3766;589.351;-0.043343
6916;-3803;586.129;-0.04469
6870;-3839;583.804;-0.0463133
6824;-3875;581.692;-0.0489968
6777;-3911;578.29;-0.0456632
6731;-3946;576.215;-0.0427354
6685;-3981;573.47;-0.0407289
6639;-4015;570.974;-0.0365689
6593;-4050;567.754;-0.0410315
6547;-4083;565.254;-0.0400972
6501;-4117;562.028;-0.0477308
6456;-4151;559.648;-0.0545676
6410;-4183;556.905;-0.0535188
6365;-4216;554.118;-0.0548671
6320;-4249;551.099;-0.0573366
6274;-4281;547.655;-0.0553758
6229;-4312;545.085;-0.0535964
6184;-4344;542.227;-0.0563793
6139;-4374;539.63;-0.0536206
6095;-4405;537.003;-0.0575837
6050;-4435;533.925;-0.0571769
6005;-4465;530.606;-0.0579811
5961;-4494;528.157;-0.0588726
5916;-4523;525.19;-0.0589219
5872;-4552;522.26;-0.0622593
5828;-4580;519.523;-0.0634713
5783;-4608;515.87;-0.0637967
5739;-4636;512.673;-0.0636101
5696;-4663;510.343;-0.0634526
5652;-4690;507.471;-0.0626672
5608;-4716;504.393;-0.0596785
5564;-4742;501.091;-0.0542196
5521;-4767;498.627;-0.0525732
5477;-4792;495.23;-0.0503053
5434;-4817;492.642;-0.055348
5391;-4841;489.841;-0.0581232
5347;-4865;486.103;-0.0603315
5305;-4889;483.551;-0.0640871
5262;-4912;480.428;-0.0675312
5219;-4935;477.423;-0.0725501
5177;-4957;474.931;-0.0735273
5134;-4979;471.498;-0.0741131
5092;-5001;468.545;-0.0780281
5050;-5022;465.728;-0.0798638
5008;-5043;462.683;-0.0831979
4966;-5063;460.131;-0.0811061
4924;-5083;457.008;-0.080415
4883;-5103;454.388;-0.0830159
4841;-5122;451.161;-0.081896
4800;-5141;448.468;-0.0806051
4759;-5159;446.191;-0.0808958
4717;-5177;442.631;-0.0810562
4676;-5194;439.904;-0.0807684
4636;-5211;437.703;-0.0836414
4595;-5227;434.853;-0.0829342
4554;-5243;431.815;-0.0805944
4513;-5259;428.863;-0.0834835
4473;-5274;426.422;-0.0855704
4432;-5289;423.341;-0.0881658
4392;-5303;420.768;-0.0899066
4352;-5317;418.025;-0.0901552
4312;-5331;415.064;-0.0953719
4273;-5344;413.262;-0.0968294
4233;-5357;410.177;-0.101781
4194;-5369;407.941;-0.102758
4155;-5381;405.526;-0.105517
4116;-5392;403.159;-0.106242
4076;-5403;399.876;-0.104649
4038;-5414;398.23;-0.110325
3999;-5424;395.556;-0.112727
3960;-5434;392.717;-0.117006
3922;-5443;390.722;-0.117219
3883;-5452;387.754;-0.121405
3845;-5460;385.909;-0.121724
3807;-5468;383.626;-0.123728
3769;-5475;381.314;-0.126664
3732;-5482;379.722;-0.126401
3694;-5489;377.171;-0.13028
3656;-5495;374.661;-0.129329
3619;-5501;373.053;-0.134078
3582;-5506;371.199;-0.133732
3545;-5510;369.323;-0.131398
3508;-5515;367.237;-0.135033
3472;-5518;366.007;-0.133118
3435;-5522;364.111;-0.134229
3398;-5524;361.969;-0.129228
3362;-5527;360.432;-0.133301
3326;-5528;358.889;-0.131385
3290;-5530;357.262;-0.132729
3254;-5530;355.823;-0.131096
3218;-5531;354.062;-0.132554
3183;-5531;353.036;-0.132059
3147;-5530;351.167;-0.126966
3112;-5529;349.911;-0.131912
3077;-5527;348.903;-0.129743
3042;-5526;347.58;-0.136036
3007;-5523;346.11;-0.136388
2973;-5520;345.384;-0.138446
2938;-5517;343.864;-0.140229
2904;-5513;343.025;-0.139681
2870;-5509;342.328;-0.146635
2836;-5505;341.441;-0.150093
2802;-5500;340.383;-0.154232
2768;-5494;339.233;-0.153851
2735;-5488;338.855;-0.154817
2702;-5482;338.784;-0.155395
2668;-5475;337.47;-0.157198
2635;-5468;337.306;-0.155287
2603;-5460;337.398;-0.155454
2570;-5452;336.728;-0.158518
2537;-5443;335.929;-0.157152
2505;-5434;335.927;-0.156703
2473;-5425;336.176;-0.160994
2441;-5415;336.07;-0.157985
2409;-5404;335.705;-0.155708
2377;-5393;335.383;-0.155395
2346;-5381;335.54;-0.15446
2315;-5369;335.789;-0.152824
2284;-5357;336.363;-0.153288
2253;-5344;336.435;-0.151681
2222;-5330;336.206;-0.150884
2191;-5317;336.423;-0.153042
2161;-5302;337.036;-0.148346
2131;-5287;337.401;-0.147819
2101;-5272;337.845;-0.149102
2071;-5256;338.051;-0.14606
2041;-5240;338.301;-0.147433
2012;-5224;339.348;-0.148624
1983;-5207;340.093;-0.148062
1953;-5189;340.113;-0.148125
1925;-5171;341.321;-0.145549
1896;-5153;341.953;-0.14679
1868;-5134;342.929;-0.144199
1840;-5115;344.286;-0.143491
1812;-5096;345.484;-0.144186
1784;-5076;346.341;-0.14326
1756;-5055;347.079;-0.143666
1729;-5034;348.335;-0.140433
1701;-5013;349.367;-0.141473
1674;-4991;350.374;-0.138295
1647;-4969;351.466;-0.139394
1621;-4946;352.823;-0.133722
1594;-4923;353.658;-0.134925
1568;-4900;355.561;-0.132511
1542;-4876;356.772;-0.128415
1516;-4852;358.119;-0.125816
1490;-4827;359.015;-0.124587
1465;-4802;360.619;-0.122049
1440;-4776;362.087;-0.118352
1415;-4750;363.657;-0.11891
1390;-4724;365.111;-0.117932
1366;-4697;366.663;-0.112718
1342;-4670;368.35;-0.108891
1317;-4642;369.021;-0.109678
1294;-4614;370.88;-0.105832
1270;-4586;372.674;-0.106593
1247;-4557;374.2;-0.102913
1223;-4528;375.338;-0.106601
1200;-4498;376.841;-0.103371
1177;-4469;378.781;-0.106643
1155;-4439;380.751;-0.102701
1133;-4409;382.834;-0.102955
1110;-4378;384.271;-0.105582
1088;-4346;385.387;-0.100846
1066;-4315;387.276;-0.102655
1045;-4283;389.138;-0.0971806
1023;-4251;390.703;-0.0962668
1002;-4218;392.16;-0.0940723
981;-4185;394.12;-0.0902808
961;-4152;396.322;-0.084112
940;-4118;397.546;-0.0835065
920;-4084;399.303;-0.0837576
900;-4050;401.234;-0.0821411
880;-4016;403.29;-0.084775
861;-3981;405.528;-0.0832982
841;-3945;406.486;-0.0844211
822;-3910;408.701;-0.0820074
803;-3874;410.647;-0.0852889
784;-3838;412.45;-0.0832716
766;-3801;414.022;-0.0801707
747;-3764;415.399;-0.0786124
729;-3727;417.274;-0.0745821
711;-3690;419.615;-0.0749924
694;-3652;421.386;-0.067792
676;-3614;422.914;-0.0717896
659;-3576;424.934;-0.0700006
642;-3537;426.357;-0.0676676
608;-3459;394.302;-0.0587666
608;-3459;429.924;-0.0729926
576;-3380;397.666;-0.0591932
576;-3380;433.547;-0.073581
544;-3300;401.168;-0.0625553
528;-3260;403.299;-0.0658988
514;-3223;408.031;-0.0637866
500;-3186;413.234;-0.0657575
486;-3147;416.717;-0.0625025
472;-3109;421.057;-0.064666
459;-3070;425.029;-0.0625929
445;-3030;428.507;-0.0574444
432;-2989;433.047;-0.055196
418;-2949;434.504;-0.0576225
405;-2907;436.654;-0.0553534
392;-2866;440.034;-0.0587223
379;-2825;443.17;-0.0595029
366;-2782;444.867;-0.0622868
354;-2740;447.683;-0.0599205
341;-2697;449.591;-0.0646305
329;-2654;451.824;-0.0664588
317;-2611;454.557;-0.0658821
305;-2568;457.011;-0.066069
294;-2524;458.996;-0.0622557
282;-2480;460.87;-0.0632246
271;-2435;462.262;-0.0602527
260;-2391;464.904;-0.0592891
249;-2346;466.474;-0.0581496
239;-2301;468.312;-0.0540263
228;-2255;469.274;-0.0538198
218;-2210;471.259;-0.0551128
208;-2164;472.559;-0.0528439
198;-2118;474.31;-0.0552406
189;-2072;475.91;-0.0545218
179;-2025;476.638;-0.0578528
170;-1978;477.594;-0.0582018
161;-1932;479.404;-0.0602248
153;-1885;481.033;-0.0585999
144;-1838;482.187;-0.0616969
136;-1790;482.757;-0.0610745
128;-1743;484.19;-0.0583433
120;-1695;484.891;-0.055839
112;-1648;486.816;-0.0587133
105;-1600;487.749;-0.0540465
97;-1552;488.613;-0.0542265
91;-1503;488.961;-0.0468235
84;-1455;490.017;-0.0485886
78;-1407;491.621;-0.0473889
71;-1358;491.97;-0.050428
65;-1309;492.459;-0.0504124
60;-1261;493.883;-0.0440023
54;-1212;494.439;-0.0457729
49;-1163;495.098;-0.0482632
44;-1113;495.416;-0.0437634
39;-1064;496.139;-0.0442566
34;-1015;496.887;-0.0456364
30;-966;497.728;-0.0439155
26;-916;497.786;-0.0427481
22;-867;498.655;-0.0428001
18;-817;499.142;-0.0435485
15;-767;499.294;-0.0411055
12;-718;500.248;-0.0398192
9;-668;500.395;-0.0430053
6;-618;500.543;-0.047097
3;-568;500.69;-0.0520934
-3.17184e-14;-518;501.237;-0.0581157
-2;-468;501.434;-0.0570818
-4;-418;501.622;-0.0569472
-6;-368;501.8;-0.0577121
-8;-318;501.967;-0.0593766
-10;-268;502.523;-0.0620623
-11;-218;502.684;-0.0615292
-12;-168;502.842;-0.0580403
-13;-117;502.178;-0.0554084
-13;-67;502.296;-0.0497468
-13;-17;502.368;-0.0488424
-13;33;502.792;-0.0530107
-13;83;502.801;-0.0539233
-12;133;502.768;-0.0517487
-12;184;501.907;-0.0545548
-11;234;501.796;-0.0542307
-9;284;501.621;-0.0508295
-8;334;501.834;-0.0486158
-6;384;501.561;-0.0470699
-4;435;500.437;-0.0466222
-2;485;500.075;-0.0431291
3.26981e-14;534;500.445;-0.0442078
3;584;500.312;-0.0425379
6;634;499.709;-0.0455451
9;684;499.058;-0.0456721
12;734;498.329;-0.0505836
16;784;497.493;-0.0486453
20;833;497.383;-0.047376
24;883;496.808;-0.0436813
28;932;496.537;-0.0481357
32;982;495.424;-0.0462973
37;1031;494.929;-0.0486971
42;1080;494.38;-0.0444778
47;1130;493.325;-0.0455732
52;1179;492.595;-0.0471363
58;1228;491.691;-0.0457207
63;1277;490.79;-0.0492819
69;1325;490.499;-0.049388
76;1374;489.615;-0.0433911
82;1423;488.342;-0.046038
89;1471;487.657;-0.0452063
96;1519;486.871;-0.0453896
103;1568;485.193;-0.0471894
110;1616;484.581;-0.0495698
118;1664;483.74;-0.0490446
125;1712;482.542;-0.0533997
133;1759;481.879;-0.0579015
141;1807;480.334;-0.0604178
150;1854;479.345;-0.0557074
158;1901;478.363;-0.0596802
167;1949;476.706;-0.0616617
176;1996;480.497;-0.0657789
185;2042;476.506;-0.0634453
194;2089;474.923;-0.0642234
204;2136;473.059;-0.062233
214;2182;471.852;-0.0605583
224;2228;470.899;-0.0565374
235;2274;469.243;-0.0568586
246;2320;467.472;-0.0547412
257;2366;465.57;-0.0538115
268;2411;464.297;-0.0566738
279;2456;463.248;-0.0608205
291;2501;461.509;-0.0621218
302;2546;459.856;-0.0649447
314;2591;457.866;-0.0651199
326;2635;456.861;-0.0656023
339;2679;455.497;-0.0634477
351;2723;453.863;-0.0662296
364;2766;452.634;-0.0652757
378;2810;450.262;-0.0628858
391;2853;448.764;-0.060982
404;2896;448.13;-0.0642157
418;2939;446.082;-0.0644969
432;2981;444.648;-0.0648166
447;3024;442.052;-0.0639147
461;3066;440.344;-0.0634548
476;3107;439.294;-0.0627337
491;3149;437.004;-0.0645282
506;3190;435.319;-0.0662956
521;3231;433.486;-0.0693946
536;3271;432.275;-0.0690934
552;3312;431.188;-0.0684953
568;3352;432.91;-0.0755693
584;3392;430.939;-0.0756808
601;3432;428.491;-0.0768157
617;3471;427.258;-0.0816723
634;3511;424.505;-0.0856592
651;3550;422.364;-0.0862702
668;3589;420.076;-0.0883567
686;3627;418.039;-0.0866387
703;3665;416.212;-0.0868388
721;3703;414.186;-0.088295
739;3741;412.011;-0.091286
758;3778;409.744;-0.0902958
776;3815;407.685;-0.0944185
795;3851;405.832;-0.0946928
814;3887;403.83;-0.0965022
833;3923;401.713;-0.0967869
852;3958;400.46;-0.096938
872;3994;397.677;-0.0969542
891;4028;396.542;-0.0981489
911;4063;394.179;-0.0994752
931;4097;392.371;-0.100426
952;4130;390.725;-0.0945223
973;4164;388.546;-0.0925988
994;4197;386.588;-0.093059
1015;4229;385.168;-0.0930181
1036;4262;382.951;-0.0968507
1058;4294;380.797;-0.0997832
1079;4325;379.624;-0.105438
1101;4357;377.565;-0.106165
1123;4387;376.371;-0.106717
1145;4418;374.407;-0.111322
1168;4448;372.528;-0.109239
1190;4478;370.98;-0.114976
1213;4508;368.838;-0.119312
1236;4537;367.493;-0.123187
1259;4565;366.46;-0.120494
1282;4594;364.669;-0.124942
1306;4622;362.921;-0.122819
1330;4649;361.638;-0.122726
1354;4676;360.526;-0.124669
1378;4703;359.09;-0.125484
1403;4730;356.99;-0.128005
1427;4756;355.979;-0.129866
1452;4782;354.607;-0.13095
1477;4807;353.419;-0.133632
1502;4832;352.199;-0.135488
1528;4856;350.93;-0.130913
1554;4880;349.81;-0.1312
1580;4904;348.401;-0.130546
1606;4927;347.43;-0.131541
1632;4949;346.967;-0.12876
1659;4972;345.548;-0.131268
1685;4994;344.91;-0.137637
1712;5016;343.699;-0.138143
1740;5037;342.274;-0.137682
1767;5058;341.49;-0.139031
1794;5078;342.469;-0.140295
1822;5098;341.426;-0.142617
1850;5117;341.082;-0.143894
1878;5136;340.502;-0.14428
1907;5155;339.203;-0.147064
1935;5174;338.669;-0.148856
1964;5191;338.224;-0.148926
1993;5209;337.36;-0.154396
2022;5226;337.324;-0.150922
2051;5243;336.956;-0.154363
2081;5259;336.302;-0.154372
2111;5275;335.672;-0.156412
2141;5290;335.489;-0.154339
2171;5305;335.651;-0.151922
2201;5319;335.893;-0.150183
2232;5333;335.717;-0.148991
2262;5346;336.338;-0.15005
2293;5359;336.324;-0.148883
2325;5371;335.925;-0.144507
2356;5383;336.594;-0.143801
2387;5395;337.033;-0.147341
2419;5406;337.069;-0.147706
2451;5417;337.186;-0.150028
2483;5427;337.592;-0.15307
2516;5437;337.685;-0.151942
2548;5446;338.55;-0.152385
2580;5455;339.516;-0.154666
2613;5464;339.822;-0.157793
2646;5472;340.487;-0.156331
2679;5479;341.444;-0.15282
2712;5486;342.791;-0.151359
2746;5493;343.207;-0.150696
2779;5499;344.688;-0.148649
2813;5504;345.641;-0.143746
2847;5509;346.721;-0.140625
2882;5514;347.435;-0.138996
2916;5518;348.862;-0.138117
2951;5522;349.646;-0.138557
2985;5525;351.457;-0.137131
3020;5527;352.683;-0.133079
3055;5530;354.305;-0.134952
3090;5531;355.848;-0.133025
3126;5533;356.764;-0.133901
3161;5533;358.733;-0.125821
3197;5534;359.943;-0.131568
3232;5533;362.171;-0.128211
3269;5533;363.324;-0.128001
3305;5532;365.108;-0.127921
3341;5530;367.045;-0.125426
3377;5528;369.165;-0.12448
3414;5526;370.643;-0.128179
3451;5523;372.572;-0.129718
3487;5520;375.186;-0.132248
3524;5516;377.169;-0.129781
3562;5512;378.559;-0.129268
3599;5508;380.957;-0.129789
3636;5503;383.746;-0.130921
3674;5497;385.559;-0.126955
3712;5491;387.618;-0.121476
3750;5484;389.716;-0.116437
3788;5477;392.025;-0.112792
3826;5470;394.587;-0.107473
3864;5462;397.478;-0.105802
3903;5453;399.301;-0.102266
3941;5444;402.09;-0.102272
3980;5435;404.7;-0.101647
4019;5425;406.973;-0.101407
4058;5414;409.295;-0.0955089
4097;5403;411.835;-0.0908962
4136;5392;414.575;-0.0907099
4176;5380;416.905;-0.0892892
4215;5368;419.88;-0.087803
4255;5356;422.3;-0.0919905
4295;5343;424.74;-0.0904038
4335;5329;427.131;-0.089538
4375;5315;429.753;-0.0899268
4415;5301;432.977;-0.0917158
4455;5286;435.802;-0.0907687
4496;5271;438.139;-0.0890488
4536;5256;441.439;-0.0904394
4577;5240;443.972;-0.0872926
4618;5224;447.098;-0.0888634
4659;5207;449.788;-0.0877038
4700;5190;452.744;-0.0841944
4741;5172;455.623;-0.0780622
4783;5154;457.984;-0.0781078
4824;5135;461.38;-0.0741158
4866;5116;463.896;-0.072689
4907;5096;467.016;-0.0705825
4949;5077;469.993;-0.0748606
4991;5056;472.519;-0.0729954
5033;5036;475.634;-0.0757781
5076;5015;478.35;-0.0742765
5118;4993;481.233;-0.071944
5160;4971;484.35;-0.0706125
5203;4949;487.017;-0.068383
5245;4926;490.253;-0.0616819
5288;4903;493.418;-0.0617094
5331;4880;496.425;-0.0587436
5374;4856;499.281;-0.0531745
5417;4831;501.958;-0.0488638
5460;4806;504.85;-0.0493397
5503;4781;507.99;-0.0468541
5547;4755;510.67;-0.0518026
5590;4729;513.853;-0.0516115
5634;4703;516.581;-0.0543788
5678;4676;519.142;-0.050649
5722;4649;521.916;-0.0517716
5765;4622;526.057;-0.0477283
5809;4594;528.865;-0.0471484
5854;4566;531.224;-0.0495697
5898;4537;534.064;-0.0432128
5942;4508;537.11;-0.0417448
5987;4479;539.711;-0.0432807
6031;4449;543.202;-0.0443479
6076;4419;545.804;-0.0441644
6121;4388;548.177;-0.0414541
6166;4358;551.668;-0.0471577
6211;4327;554.477;-0.0459872
6256;4295;557.043;-0.0422736
6301;4264;560.279;-0.0425587
6347;4231;562.624;-0.039452
6392;4199;565.81;-0.0422226
6438;4166;568.102;-0.0404567
6483;4133;571.235;-0.0414071
6529;4099;573.467;-0.0378014
6575;4065;575.9;-0.0348735
6621;4031;579.008;-0.0371386
6667;3996;581.365;-0.0323294
6713;3962;584.38;-0.0403006
6759;3926;586.634;-0.0380988
6805;3891;589.566;-0.0397258
6852;3855;592.076;-0.036818
6898;3819;594.905;-0.0365176
6945;3783;597.292;-0.0392933
6991;3746;600.001;-0.0370596
7038;3709;602.266;-0.0379034
7085;3672;605.229;-0.0347864
7132;3634;607.36;-0.0336624
7178;3596;610.29;-0.030587
7225;3558;612.773;-0.0305806
7272;3519;614.924;-0.0280257
7320;3480;616.628;-0.0285612
7367;3441;619.634;-0.0271545
7414;3401;621.786;-0.0183418
7461;3361;624.093;-0.0147871
7509;3321;625.952;-0.0143158
7556;3281;628.577;-0.016555
7603;3240;630.843;-0.0114201
7651;3199;633.176;-0.0142814
7699;3158;635.141;-0.0175705
7746;3117;637.867;-0.0138266
7794;3075;639.607;-0.0150317
7842;3033;641.492;-0.0167013
7890;2991;644.052;-0.018891
7938;2949;646.224;-0.0214548
7986;2906;648.005;-0.0214513
8035;2863;649.322;-0.0245274
8083;2820;651.379;-0.0203717
8131;2777;653.559;-0.0215975
8180;2734;655.813;-0.0259507
8228;2690;657.715;-0.0249767
8277;2646;659.145;-0.0270588
8326;2602;660.698;-0.0295131
8375;2558;662.369;-0.0323282
8423;2513;664.754;-0.0299061
8472;2469;666.666;-0.0282943
8521;2424;668.147;-0.0240391
8570;2379;669.736;-0.0200824
8619;2333;671.433;-0.0135326
8667;2287;672.712;-0.00444189
8716;2241;674.605;-0.00360948
8765;2195;676.042;-0.0082067
8814;2149;677.576;-0.00790297
8863;2103;679.2;-0.00786162
8912;2056;680.362;-0.00517487
8961;2009;682.163;-0.00800464
9010;1962;683.493;-0.00581407
9059;1915;684.901;-0.00910506
9109;1868;685.806;-0.015399
9158;1821;687.368;-0.0138901
9208;1773;688.43;-0.0125044
9257;1726;690.693;-0.0114232
9307;1678;691.328;-0.0156873
9356;1630;692.605;-0.0120577
9406;1582;693.924;-0.0167334
9456;1534;694.744;-0.0162208
9505;1486;696.187;-0.0184127
9555;1438;697.113;-0.0182003
9605;1389;697.53;-0.0152589
9655;1340;698.56;-0.00712003
9705;1291;699.062;-0.00978872
9754;1243;700.737;-0.00725575
9804;1194;701.317;-0.00477353
9854;1144;701.368;-0.00492263
9904;1095;702.012;-0.00262663
9953;1046;703.819;-0.00299614
10003;997;704.517;-0.000836784
10042;957;716.553;0.00133949
10042;957;773.2;-4.53894e-05
10042;957;829.511;-0.00146318
10042;957;885.215;-0.00291674
10042;957;940.593;-0.00441974
10042;957;994.304;-0.00593706
10042;957;1046.67;-0.00747465
10042;957;1097.5;-0.00902085
10042;957;1146.61;-0.0105618
10042;957;1194.31;-0.0120972
