-0.356437151181,-0.930916991201,10.2527431441,-0.000313452169032,0.999957802565,0.00840824266708,-0.00368731517681
-0.310891441518,-0.839457223007,10.6454892082,-0.000336031764249,0.999934387156,0.0104628947114,-0.0046514835719
-0.210225629579,-0.551003231532,10.3585771148,0.0105266392048,0.986723864023,0.147432768061,-0.0672962475686
-0.174300778972,-0.481722728107,10.605531718,0.00296213443519,0.995660956498,0.0716109042894,0.0593495059098
-0.124603328043,-0.38145210836,10.6225304383,0.00463714062443,0.998278342786,-0.0194777972516,0.0551313219971
-0.0906556418716,-0.29122569313,10.5431777863,0.00679592537602,0.993043289305,-0.0933941917268,-0.0713888360774
-0.0444255004705,-0.210407499321,10.6686570799,0.0127997541278,0.996163436604,0.033108100876,-0.0799901714194
-0.00580512541292,-0.143926581175,10.6014782689,0.002552502297,0.99723211269,0.0522121720611,0.0528723674624
0.0119934348237,-0.0838853324202,10.6970219938,0.0059047714,0.991286610053,0.128705464486,-0.0274024417997
0.0615004571793,0.0252220573118,10.6267823342,-3.52030692787e-05,0.999603385658,-0.00061035236547,0.0281548861177
0.0783795917488,0.059070639708,10.6270165906,-8.25004271471e-05,0.999619108372,-0.00159761531682,0.0275513882985
0.112138848038,0.0929210417548,10.6273259714,-0.000128603741127,0.999645965771,-0.00240823434295,0.0264976788813
0.114418585359,0.109372915436,10.5167178023,0.00552138497703,0.994673193722,0.0721171583176,-0.0734429538847
0.123572595554,0.131368099237,10.2973144198,0.0104513176015,0.987148267085,-0.0839524965601,-0.135576720243
0.149787570917,0.155397744229,10.2845877832,0.00620137898571,0.993922017318,0.109900808682,-0.00154228442486
0.157382591776,0.152761806424,10.3642412139,0.00748835624299,0.989403718802,-0.0692186256483,-0.127408742264
0.15767924726,0.153353089848,10.3816432865,0.00719391144366,0.989880172253,-0.0687871567763,-0.123910529336
0.158003789649,0.146266692546,10.2541916039,0.00129976695351,0.991497023516,0.00920035196722,0.129797212948
0.162780457925,0.143701916364,10.6280109365,-0.00019456689132,0.999683391826,-0.00338444517987,0.0249323841786
0.144389550327,0.11351392751,10.1398492302,-0.00757013257888,0.99192358426,0.0663494609099,0.107833413736
0.137479798131,0.095475363183,10.333339607,-0.0131934667704,0.994840425465,-0.0259984675978,-0.0971727326819
0.13238138213,0.0813291997438,10.2338228464,-0.000114845460571,0.999668927038,-0.00198710832123,0.025652963286
0.129092249952,0.0591722761556,10.5369077498,-0.00287098214167,0.996865778704,0.0652479645948,0.0446439226096
0.115741880217,0.0464952065779,10.2229644524,-0.00813464589757,0.994801647885,0.0712175163732,-0.0723296223094
0.115819915206,0.0163830698937,10.219093836,-0.00102254721829,0.998740632074,0.0281219606178,0.0415362440866
0.0885398782907,-0.0167402122506,10.2125684826,-0.00430602784783,0.990457666526,-0.0342234525268,-0.133430971818
0.0835621248333,-0.0421830677713,10.2623087192,-0.000527423493311,0.991839026819,-0.12743581515,-0.00389611604702
0.0796731673483,-0.0480201996536,10.1496541282,-0.00662477543201,0.99112799312,0.069947530377,0.112821791332
0.0692561106639,-0.0729859641506,10.3163217432,0.00411894171689,0.99148507279,0.12534400846,-0.0350608655924
0.0672621743234,-0.0912040634624,10.2618409379,-0.000424411872555,0.992127625879,-0.125194352341,-0.00299465938617
0.0627875543245,-0.0966982344824,10.1641053645,-0.00610577531465,0.990572724275,0.0664356346741,0.119644071626
0.0511065910882,-0.11424261729,10.2337617384,0.00016407282321,0.99961013897,0.00391312860223,0.0276447205385
0.0466666379152,-0.123591256317,10.412756535,-0.00580556761513,0.991991130754,0.109366391606,0.0629196652648
0.044615578877,-0.144026404019,10.6273592503,0.000200471909434,0.999593710248,0.00482073819235,0.0280915419138
0.034664693401,-0.140220344496,10.2611819395,-0.000218124661403,0.992401713803,-0.123031946031,-0.00138964710394
0.0342638010957,-0.152113445028,10.2389532783,-0.00366772538027,0.991681779239,0.12325441571,-0.0369072557041
0.0331946615117,-0.154783794458,10.2964141807,-0.0048163441787,0.990128023506,0.13390886022,0.0411304880942
0.0334600004738,-0.154720623856,10.2925478242,-0.00419951318069,0.990297032527,0.134287155825,0.0355121280506
0.0185911165742,-0.146845923015,10.2343125485,0.000206778393664,0.999589725683,0.00519003959244,0.0281673754692
0.017854823865,-0.151225684908,10.2197085652,-0.00504585610502,0.991526714603,0.120402208317,-0.0485038327978
0.021897576676,-0.156085356155,10.3778876785,-0.0101686037502,0.995833523612,-0.0818486720328,-0.0388971417351
0.0277324146143,-0.160956086588,10.6276703953,0.000221820561808,0.999583012774,0.00548333948394,0.0283493272725
0.0346640753905,-0.156560065986,10.261146168,-0.000217813013154,0.992492545839,-0.122297403398,-0.00135798875208
0.0482175120326,-0.171751987123,10.3277527393,-0.00643519894727,0.989772917552,0.129715630996,0.0590086008102
0.0614940815854,-0.177884356449,10.6277802699,0.000244926327944,0.999611289451,0.00574166402253,0.0272808230666
0.0910843656057,-0.174328628746,10.4653337151,0.00498012078692,0.992999369808,0.0987299509982,-0.064651734197
0.0998596731903,-0.156573307059,10.2623482191,-0.000628332054866,0.992505179093,-0.122125708053,-0.00428790213337
0.115077966982,-0.157870596192,10.2106268224,0.00461468541915,0.992157016578,-0.110261988963,-0.0586979805784
0.116125658597,-0.163143233412,10.2340931461,0.000232636984633,0.999658602158,0.00496132469457,0.0256517108422
0.132402186775,-0.152000989769,10.227193451,0.00591503865603,0.991256668106,0.126121170596,0.0383233686076
0.130408670831,-0.143515795704,10.1579788712,0.00564778059722,0.992430311159,-0.0918136453449,-0.081366053095
0.131800097614,-0.146048414569,10.2066103681,0.00187552851975,0.996729027311,0.0473275636382,-0.0654815258551
0.132463858898,-0.156582633284,10.2631512883,-0.000832931139358,0.992512407923,-0.122005468464,-0.00575256544846
0.132380135351,-0.146840795013,10.2338192271,0.000211258580144,0.999665682772,0.00439667242956,0.0254783698287
0.124993897886,-0.144119257284,10.4018459735,0.00531141007222,0.991617597125,-0.0525465454676,-0.117920272028
0.122150565798,-0.150627096987,10.3008216334,0.0269295754646,0.995861932507,0.081066062249,0.0310177835975
0.123933634182,-0.146389247188,10.3192017651,0.0580526820996,0.995968765191,0.0683093205399,0.00315302919978
0.121024953785,-0.13746073647,10.3062834492,0.088723207374,0.993623721451,0.0693441781185,-0.00561049047723
0.116577743611,-0.140379497575,10.2486079425,0.116463644972,0.989375174716,-0.0691405717097,-0.0528447196916
0.112806008275,-0.126557433333,10.260065244,0.1400868047,0.987759018122,0.0675035855837,0.0122912652232
0.0931428728789,-0.109739496038,10.2745662119,0.159272476784,0.985824187862,0.0234534575098,-0.047253403012
0.0810675281806,-0.0970914009345,10.2084133579,0.176375182467,0.981142960496,0.0766746785006,-0.0192686210005
0.0636248723316,-0.0770991668941,10.2116558249,0.188463657795,0.979674855916,0.0677783818888,0.0111676911424
0.00513895381244,-0.0382571990877,10.1884233679,0.198891795413,0.978603318529,0.0524157838123,0.00549402304394
-0.0259517692991,-0.0224077099541,10.1824057566,0.201458761498,0.976742538637,0.071598579967,-0.0161871547388
-0.0613337491404,-0.00465060534145,10.1775764401,0.203857361776,0.977410584076,0.0539398618385,-0.0141851151404
-0.100148409978,0.013948642255,10.1891845647,0.200532909897,0.978353831417,0.0508363320701,0.00509901382424
-0.136011452692,0.0274818568446,10.1488642358,0.199801953781,0.976909543541,0.0714670986664,0.0248872821444
-0.180089878054,0.0287757448136,10.2172843743,0.196100065339,0.978680926581,0.0585468092727,0.017340110883
-0.2142460671,0.0290888946906,10.2166377045,0.190821537889,0.979379114331,0.0617435349717,0.0243192717805
-0.254998200814,0.0339970139229,10.216530993,0.189298740417,0.979788789071,0.0633778059886,0.0127737776412
-0.284599897562,0.0201719955199,10.2217105127,0.183729710263,0.981387953988,0.0531487806522,0.0172129151971
-0.32040851224,0.0166218668573,10.225894822,0.180012928682,0.982706652177,0.0429650143521,0.00608184316766
-0.355172647914,-0.00896385667356,10.2317345567,0.182555603842,0.981573165548,0.0559150795135,0.00781511765516
-0.370201522754,-0.0262168404837,10.2323047126,0.181577846989,0.980807411517,0.0542915735887,0.0458119202045
-0.382066432905,-0.0391424964575,10.2266258035,0.182981210057,0.981541519346,0.0520004842489,0.0197502456638
-0.391834382887,-0.0553668587991,10.2294002506,0.178680778275,0.980677958685,0.0720880269562,0.0338708900668
-0.395538442756,-0.0778289549547,10.2227138207,0.17463151688,0.983319213004,0.0506899061488,0.00420619345345
-0.399515613849,-0.110956836164,10.2675538201,0.137885454873,0.990171627926,0.022643941678,-0.00591612116377
-0.39616968709,-0.123823289888,10.2406799874,0.106185534765,0.992219191457,0.0413496633849,0.0501588840425
-0.392113543114,-0.129634938039,10.2782862555,0.0758794512662,0.995895789407,0.0478875098338,0.0118605193417
-0.386141531709,-0.139937086163,10.2670940581,0.0455346003496,0.998773762819,0.00574360552984,-0.0185629165747
-0.366743190402,-0.138557561719,10.2589283464,0.0266344571947,0.997435864939,0.0435958288083,0.0501169106501
-0.335114481978,-0.122016061582,10.0819761694,0.0129834157098,0.990215715676,-0.115778759005,-0.076808504143
-0.320442423065,-0.109937051602,10.172098968,-0.00505630981017,0.990592853182,-0.106497901446,0.0857812913328
-0.254544947665,-0.0680395086837,10.0602242156,-0.0127576842922,0.989606525083,0.113962921396,-0.0867676181054
-0.225792226301,-0.0483176795384,10.1568250378,-0.0088563432485,0.991773111907,0.0723142916194,0.105253517332
-0.207790227342,-0.0185911944931,10.24393207,-0.010622488711,0.997180683432,-0.0507714835725,-0.054222723834
-0.175398724598,0.000595909528936,10.2253454297,-0.00566285045211,0.996553972874,-0.0492267032335,0.0665194931088
-0.145798584564,0.0409981961653,10.146506507,-0.0192631814475,0.991722746866,0.0927265182064,-0.0866989965914
-0.128241473127,0.0650298359833,10.2332563053,8.8035812842e-05,0.999714298042,-0.00197094062074,-0.0238207878161
-0.104985161629,0.0950623633471,10.1441783302,-0.0135597531475,0.990594658026,-0.0826936395215,-0.108167086342
-0.093626958991,0.128529620955,10.1742299138,-0.00621510052181,0.993886978347,-0.0697701809988,-0.0853356235202
-0.0785833794419,0.161614005899,10.2438740707,-0.006367430676,0.997429686131,-0.0472164667147,-0.0535171217746
-0.0673381059059,0.193915603828,10.3538941865,-0.014070965301,0.997606646398,0.0524825541146,-0.0427617645955
-0.0632217193185,0.228075116158,10.2376005684,0.000281043212335,0.999702356961,-0.00831876245993,-0.0229328736055
-0.0516578085622,0.309857837129,10.3854373948,-0.0140457727616,0.998085338617,0.0438076079695,-0.0413432774297
-0.0593449949311,0.34172749364,10.2924000109,-0.010556380952,0.994180685623,-0.0509931109583,-0.0943028620417
-0.0593703161166,0.392985932472,10.4108298564,-0.0125718727082,0.99654906543,-0.0382683420859,-0.072577146546
-0.0588051368373,0.439329700355,10.4379261633,-0.00436635552377,0.990816556889,-0.121203967588,-0.0597752772897
-0.0606791437121,0.473449142405,10.3762587721,-0.0136330202352,0.995122100473,-0.0951188337932,-0.0223283086344
-0.0665635584918,0.514028034898,10.3301537082,-0.0155453195788,0.99735706799,0.0664647801462,-0.0248928698671
-0.0675436072151,0.553318955785,10.3839880483,-0.0126426045771,0.996061386279,0.0745412822467,0.0463192892237
-0.070614879899,0.583445162107,10.3797546495,-0.0220693721293,0.997249610564,0.0517984035227,0.0481983655025
-0.0777107035363,0.61552673827,10.1641311014,-0.0115507416763,0.987782393046,-0.134131455205,0.0784938028049
-0.0780619801785,0.634138949871,10.1996756511,-0.00821644101707,0.991607855079,-0.109260958265,0.0686177443652
-0.0789701709685,0.653442402508,10.2654563233,-0.00268602466572,0.997691275153,-0.0673803371818,-0.00804952900146
-0.0794435428254,0.669299466182,10.2547170823,2.68746800489e-05,0.999927935952,-0.0119902865973,0.000595993636351
-0.0794097381971,0.676481822028,10.1693064007,-0.00548580000762,0.994293648571,0.0828856327429,-0.0669329387904
-0.0793424697807,0.682802001791,10.2075643585,-0.00544039430286,0.99755727957,0.0238639555808,0.0654246720289
-0.0952429229836,0.684531385841,10.2418311057,-0.00218726332192,0.996920242659,-0.0671453710436,0.0404567028232
-0.110515891622,0.682883190089,10.2035745614,-0.00786234963319,0.991689952078,-0.108476533285,0.0687172768104
-0.112074515239,0.695354546434,10.2625102098,-0.000711227099946,0.994790429107,0.101837604017,0.00453858148971
-0.115304443743,0.688734590061,10.1869926178,-0.00956234414008,0.983608334415,-0.172885260628,-0.0503377860165
-0.12620991539,0.682335939805,10.2007105106,-0.0043390272811,0.998583904925,0.0220145858787,0.0482360412593
-0.128255887905,0.683274247056,10.2151762604,0.0053136552715,0.994218887186,-0.0966195405475,-0.0465320729708
-0.12743751905,0.681220892942,10.1637642482,0.00945019780066,0.988941938,-0.134266891152,-0.0622650702056
-0.127833374316,0.684901198132,10.2424348793,-0.000108952875439,0.999995211972,-0.00200542506247,0.00235423733276
-0.127942114483,0.667621187569,10.1806562207,0.0100429897985,0.987339097012,-0.146013649073,-0.061160936489
-0.128448290895,0.679588749459,10.2577234281,-0.00194662488505,0.995436731039,0.094899092447,-0.00980241823368
-0.144621790029,0.669246015518,10.2536908235,0.000168875595712,0.999930553465,-0.0114702594571,-0.00270053253518
-0.160911710456,0.66922753062,10.2533521857,0.000197305530224,0.999930969007,-0.0112626523885,-0.00334229739641
-0.177199754195,0.669207888086,10.2529956115,0.000223038775838,0.999931439856,-0.0110326739895,-0.00391739019579
-0.183384288841,0.671747826178,10.1797769552,-0.0273108503049,0.997167732776,0.0660943174162,0.0232845736559
-0.192333666121,0.661214271769,10.162133838,-0.00508552144596,0.995519270753,0.0692395065991,-0.0641982068081
-0.197247801779,0.657625343266,10.0373835233,-0.0223880414066,0.992003634824,0.0847400333005,0.0908112925435
-0.20581116158,0.662686048791,10.0163166326,-0.0113511215261,0.990718381955,0.0930652966292,-0.098423016925
-0.210620752068,0.658004080864,10.1064663703,-0.00780369009406,0.990007303294,-0.124838025768,-0.0651161206521
-0.21227073352,0.659864090588,10.2064986933,-0.0171728774459,0.990222618487,-0.138400050667,0.00311192731922
-0.207497006289,0.649040065774,10.1785321598,-0.00638133853982,0.989975553133,-0.117431439914,0.0782147021832
-0.20306394903,0.644539285445,10.0863858188,-0.0132107538821,0.996168264419,0.0795332150885,0.0338929586295
-0.199743741741,0.640382165778,10.1309090065,-0.0243687254225,0.995504070054,0.08870053519,0.0225837725944
-0.193479999346,0.652835409351,10.2521404511,0.000258880991909,0.999928099659,-0.0109454324392,-0.00489142129105
-0.176906619442,0.64998622076,9.97863840053,-0.0041564829871,0.98697170896,-0.152547252343,-0.0509794582491
-0.177199754195,0.669207888086,10.2529956115,0.000223038775838,0.999931439856,-0.0110326739895,-0.00391739019579
-0.160613268025,0.659602246297,10.0955339869,0.00584075822432,0.996952625698,0.0610904138831,-0.0481592046071
-0.159735412836,0.682443509739,10.2153803728,0.000766020035719,0.997859591043,0.0290583487169,0.0585769762548
-0.160596509333,0.656653611361,10.0486773844,0.00713256783485,0.995866527774,0.073049056562,-0.0535053331025
-0.163082273962,0.662732383206,9.89658831001,-0.00103713379113,0.995020913696,0.0994542481167,0.00641546518143
-0.162512114203,0.65499740103,9.97849661485,0.00868724147764,0.981116455949,-0.191262296894,-0.0274547898977
-0.160916247832,0.685578527681,10.253787164,0.000184630985566,0.99993452692,-0.0110596569654,-0.00293117267906
-0.174416712524,0.665724421723,10.043418765,-0.0104903582122,0.991162488561,0.0926827670907,-0.0943227350012
-0.178522975005,0.663506230678,10.1150383573,-0.0183804574853,0.989698727872,-0.140255183326,0.0220696710687
-0.193485986862,0.669187399004,10.2526264872,0.000246274548387,0.999931990334,-0.0107846518583,-0.00443230627141
-0.196126814491,0.636533131509,10.0207644991,-0.0129700958019,0.985787060735,-0.147324065157,-0.0796948387758
-0.191163156504,0.648830190605,10.1707363532,-0.00714507436388,0.989048910432,-0.123650843714,0.080260012051
-0.188867640303,0.645405831128,10.1493773868,-0.0125535467535,0.997427843205,0.0672326853427,0.0214446283617
-0.1924238017,0.662106752791,10.1678720793,-0.00433996990379,0.996186639814,0.0611387903753,-0.0620918000047
-0.196034999899,0.648686132666,10.220319235,-0.0168668125359,0.992178674385,-0.123663289169,-0.00209275966482
-0.18482679193,0.639126698191,10.1072966475,-0.0167773319978,0.987938982871,-0.147064141817,-0.0454667510059
-0.179156066924,0.624652997722,10.02569157,-0.0212614226656,0.991728463011,0.085048444321,0.0937516382676
-0.171985830746,0.64030454058,10.097223288,-0.0151526631554,0.996174257894,0.0838761559134,-0.0192882134684
-0.163792721349,0.633051291906,9.95751999765,-0.00921393065317,0.985019746602,-0.155272860111,-0.0744415287234
-0.161938159244,0.617632134783,9.96886522942,-0.0064713703933,0.985818646505,-0.15040665296,-0.0741455077155
-0.164183963899,0.636566492558,10.0609145204,-0.015033948753,0.987229921977,-0.155908943984,-0.0290424297117
-0.157861985959,0.64736058841,10.1626213597,-0.00638558469385,0.998116947795,0.0475196503821,0.038257883632
-0.145619574088,0.636383909675,10.0562868013,-0.0126736194991,0.987123880265,-0.159440449254,-0.00213717589771
-0.143238789272,0.639311582106,10.1036665141,-0.00815139205997,0.992799870822,0.0869646933524,-0.0819701983252
-0.133562779933,0.634534260665,10.0248564454,-0.0136191214147,0.986958833768,-0.158956103878,-0.0214414789604
-0.127997174719,0.64758841602,10.1856794814,-0.00294013049734,0.997124729378,0.0486365936621,-0.058035432731
-0.124772266065,0.645686936026,10.0488980129,-0.0149241951549,0.982229703018,-0.153241216339,0.107327575779
-0.117186467827,0.648661224976,9.92276887278,-0.00532346481858,0.994682336756,0.0974147482501,0.0330011589496
-0.111603210955,0.677059237013,10.1557004851,-0.00493591016442,0.995133982787,0.0689180167866,-0.0702445731441
-0.100280433207,0.673711733303,9.86214080886,-0.00551692334891,0.991459319503,0.124361163417,-0.0388880747802
-0.0957475448422,0.701986614388,10.2552434139,4.76387641388e-05,0.999934772977,-0.0114202124182,0.000162082888386
-0.0956851904546,0.701451722147,10.193062534,0.00948586152905,0.986632676408,-0.152105500844,-0.0577052587483
-0.0957552949201,0.73468135945,10.2559011058,3.15438709099e-05,0.99994068095,-0.0108788177283,0.000533770489131
-0.0957594112313,0.751028103075,10.2562112988,2.42351823239e-05,0.99994361658,-0.0105968229589,0.000685868762364
-0.084512412708,0.725701612712,9.89653655866,-0.000551827914757,0.995233319298,0.0974513352473,0.00368414223194
-0.0821080311874,0.760696689893,10.034588662,-0.0136299023178,0.982476735953,-0.185886175761,0.000136875319592
-0.0840090504739,0.756643351716,9.92181099593,-0.00151428369193,0.985533593975,-0.168601579757,-0.0171682671187
-0.0794761118036,0.800071739074,10.2572005326,-2.42475348093e-05,0.999950962955,-0.0097746707877,0.0015896250695
-0.0701705945981,0.800177269396,9.93646851203,-0.00529436721552,0.988918094343,0.146518064758,0.0233544226397
-0.0688169533413,0.804455842494,9.89707335299,-0.000457955814056,0.995479786653,0.0949204596461,0.00314499335517
-0.0678296644924,0.822709698868,9.9278101845,0.00531471899738,0.995341791921,0.0914577177688,-0.0300325969273
-0.0684970691056,0.821233411675,9.9097154386,0.00235809980886,0.995539903876,0.093461116635,-0.0126395740699
-0.0631982968258,0.865451824781,10.2583133377,-6.94303603564e-05,0.999960191375,-0.00862810631041,0.00227302154399
-0.0689529718127,0.839937427876,9.88923160438,-0.00352622182352,0.991666245864,0.127809515265,-0.0158224644783
-0.0716630080392,0.842886280173,10.0014730494,-0.0131598102606,0.995471011164,0.093254515817,0.0129568748638
-0.0614077210674,0.787995508782,10.1363646088,-0.0411244778821,0.997009729458,0.0628496791307,0.0181740066645
-0.063424883938,0.741961229219,10.1302213829,-0.047180884273,0.997569819447,0.0504436746392,-0.0091572471726
-0.0674628242848,0.699395816847,10.0970742322,-0.0501531892864,0.995664793656,0.0781030527342,-0.00601576528541
-0.0707867877121,0.638274899348,10.0705857989,-0.0490382652812,0.99621958579,0.0695557167915,-0.0174295062618
-0.0603097808832,0.601568749303,10.057834387,-0.0550523085791,0.995787863754,0.0584999968507,-0.0441986887734
-0.0559403617937,0.620882333058,10.0981507928,-0.0627360114071,0.996229257658,0.0598897807887,-0.00216176240501
-0.0131996732836,0.477845508475,10.0958494422,-0.0953146669537,0.990949815752,-0.0942429615219,-0.00720007828589
-0.0116296357178,0.430602559797,10.0338455081,-0.107086152388,0.992323676388,0.0618446636306,0.00123078317185
0.00536943202997,0.371093769315,10.0287529351,-0.118472992584,0.991699563496,0.0481127418418,-0.0134643923746
0.00846209414896,0.318373227134,10.0138973098,-0.13733661351,0.989322216224,0.0476795583409,-0.0103376395933
0.0330057758115,0.253315056749,9.97798805148,-0.146914826699,0.987048665201,0.0631008366213,0.0130096363916
0.0551729424434,0.201615973659,10.0435314366,-0.160971373172,0.986760119896,0.0148749236901,0.013092724977
0.104462416755,0.10251634346,9.96199361554,-0.173299589595,0.983973479097,0.0226255615843,-0.0353769507158
0.126868971059,0.0556861936442,9.91372955986,-0.179997374584,0.98103087829,0.0693779375771,0.0191327667042
0.152012393133,0.0121474305786,9.902083362,-0.185924435919,0.979833015778,0.0729829337679,0.0057320763053
0.163147067343,-0.0275268868813,9.87378851364,-0.190294474856,0.977740825951,0.0843124887732,0.0265008366848
0.210887898514,-0.120436680727,9.88110038035,-0.18380032246,0.979518415884,0.0821552903215,0.00340920514841
0.233965093746,-0.160875747859,9.90631686647,-0.182892310355,0.980871294538,0.0662883236882,-0.00691118705483
0.246365292323,-0.201670617898,9.87111845547,-0.176098204647,0.980512003566,0.0710420898003,-0.0503850638484
0.254149648058,-0.230468171229,9.90485972413,-0.177815628146,0.980433653449,0.0844465921592,-0.000476071794342
0.261357478285,-0.269135957682,9.87640666453,-0.17581760816,0.98133513354,0.0729555608865,-0.0273314923977
0.280753618034,-0.333881552977,9.92112688524,-0.165473355926,0.983082143337,0.0784557900638,-0.0035716853877
0.283934014713,-0.357791489316,9.90354554084,-0.163623285149,0.982733614661,0.0839354021539,-0.0204184093022
0.298206298824,-0.385653979787,9.93116956186,-0.16033506546,0.984603635146,0.0641360663882,0.0271092867854
0.305135648366,-0.404200439481,9.89072708303,-0.159569928741,0.980236938266,0.116022184376,-0.0145545674545
0.316820498476,-0.425307684272,9.96208186441,-0.159986714621,0.982405422383,0.0960041031458,-0.00818836963655
0.331551590775,-0.435820871774,9.95317381016,-0.158205064381,0.981441753598,0.0926939251285,-0.0561344648475
0.340967296132,-0.445550410189,9.99665521804,-0.16220589902,0.983974059383,0.0571052279741,-0.0471517732743
0.335440855635,-0.44939805659,9.97926430347,-0.166189443457,0.980412991454,0.0927890613178,-0.0506125001414
0.344901771632,-0.449103809151,10.0619422963,-0.16602553438,0.982789355214,0.0755286630399,-0.0292579266541
0.344566855361,-0.440007495537,10.0295504276,-0.171896587054,0.98237993154,0.0689182621408,-0.0251297952475
0.343075358267,-0.432813676094,10.0437418531,-0.177550596402,0.979457079533,0.086844777037,-0.0399699858902
0.35648878028,-0.431258725852,10.0275568604,-0.175336888542,0.979793515041,0.076148528305,-0.0588476425733
0.367738049878,-0.436100201514,10.063081957,-0.159822788649,0.986487531,0.0349769535023,0.0086971336411
0.384597249308,-0.436582418138,10.0599032133,-0.134521216338,0.986274565428,0.0943319198596,-0.0163710977095
0.403923243116,-0.424504640585,10.0661376352,-0.0754784630666,0.993490227965,0.0853025080664,-0.00191067213859
0.416821954168,-0.423416019914,10.0786868026,-0.0530383108748,0.994730438886,0.082051202281,-0.0310787988409
0.424596528989,-0.423493941806,10.0420539779,-0.02431287765,0.998421757773,-0.0428924115197,0.0268908650015
0.434694015663,-0.411550056673,9.91062300622,-0.00267928194768,0.994248187934,-0.105710028429,-0.016992708107
0.447813206396,-0.397556077166,10.0420317831,0.0198709275941,0.990792407322,0.120906388179,-0.0575951137402
0.452611145624,-0.321520111761,10.0226227858,0.0233553174394,0.998765296122,-0.0321856353554,-0.0297741042959
0.446409499653,-0.224877633282,9.97215655405,0.0250734227066,0.989768484191,-0.135793430694,-0.0359139994549
0.436552635424,-0.171157766678,9.78469317707,0.0269038450656,0.996708164676,0.0183514943117,0.0742444627196
0.430263732262,-0.128589030679,9.95477227824,0.0254058178025,0.991509934731,-0.118174013637,-0.0479322047524
0.420899988842,-0.044612372067,10.0028211848,0.0208024566552,0.989067681585,-0.13835247295,-0.0465936934607
0.383937158651,0.049661103694,9.74949676265,0.0189463543055,0.990277871266,-0.0106528155348,-0.137394653686
0.335957219739,0.209072549105,9.76059704258,0.0109477696486,0.991738658999,0.107680457731,0.068844009252
0.315773765873,0.259011345333,9.83962994887,-2.5909215929e-05,0.991708083879,0.000538974353142,0.128509864227
0.292888520437,0.347870408906,9.9035880238,0.00183544308706,0.993861582071,0.110012861255,-0.011530706415
0.233096786595,0.445747903027,9.83965684056,-0.00309712410481,0.987980136909,-0.0728656957482,-0.136294707446
0.20493994411,0.524686516946,10.0111676689,-0.00609714990215,0.987531183755,-0.137416397823,-0.0765618670338
0.195606727086,0.629106988103,10.1937396872,-0.00380067338982,0.99394686605,0.0822852720771,-0.0726933033326
0.16837704093,0.632171472949,9.79393628124,-0.00629301121031,0.988648106669,-0.074196010433,-0.130500081327
0.149237560373,0.729842150895,10.0592226325,-0.00720020305174,0.990271944907,0.134291801326,0.035711963006
0.113281289498,0.828415709842,9.91698114688,-0.00536103150429,0.991655583997,-0.0376416737881,0.123181031265
0.0997435736803,0.898056129368,10.2583673385,-0.000309487875838,0.999952719495,-0.00745252661809,0.00623881706604
0.0871319107655,0.928201976331,9.95445036641,-0.00576796632479,0.989768058455,0.140315381234,0.0252490557435
0.0713857673163,0.963921428294,9.84498915523,-0.00742119612727,0.997438416241,0.0218015352221,0.067721670951
0.0671179958533,0.973107044048,10.2657085308,0.000347878359344,0.995647793645,0.0931917261784,-0.000807565534851
0.0671025482963,1.02211200453,10.2661291005,0.000340413418676,0.995775549799,0.0918174174644,-0.000707383008406
0.0609846881946,1.04274537111,10.0217341094,-0.00552703750278,0.972096859637,-0.230167644851,-0.0449444390709
0.0508155883412,1.04518185271,10.2609017472,-0.000244578534531,0.999974081799,-0.0055935994806,0.00452631821895
0.050322087371,1.08409035516,9.94856538637,-0.00667794603202,0.991419706196,-0.0504581582134,0.120400770234
0.0530805829893,1.06799570043,10.0803709957,-0.00831107590281,0.992000401928,0.120261101935,0.0374619267053
0.0557065179377,1.03054136956,9.9425739822,-0.00793584745966,0.997222621313,0.0728992185901,0.0130295739043
0.0577109424218,0.977326243579,9.83624886042,-0.00141079955493,0.988713675866,-0.122505727187,-0.0862300620816
0.0719506910916,1.03645176994,9.9299663416,-0.00322425451811,0.990181225328,0.139061919738,0.0138754340504
0.0823866427696,1.02479389411,10.2089046837,0.000839286123629,0.998154891749,-0.0147490316309,-0.0588945985871
0.0723124346076,0.934613930113,9.89660160753,0.00254401089054,0.980045990509,-0.19667945096,-0.0286457338082
0.0725752299285,0.946291497412,9.8994852877,0.000383289861982,0.995896718629,0.0904910553233,-0.000973560417057
0.0725800649639,0.930539906247,9.89935640941,0.00038586933251,0.995855003242,0.0909485775881,-0.00100988017986
0.082324973408,0.976340897199,10.2018749849,0.00798923170303,0.985864940281,-0.154544895016,-0.064205662728
0.094354031928,0.891996293887,9.92136462454,0.0073509112823,0.991788489627,-0.0290570565704,-0.124327162801
0.101181715204,0.901322193715,9.71971421331,0.0113264252011,0.986788327561,-0.125738804338,-0.101539459158
0.102231299577,0.835703626165,9.95698691318,0.0130008916547,0.989940063902,-0.135566212909,-0.0383594657921
0.0884082503787,0.852037772099,9.88706494639,0.00325145111963,0.994303655127,0.104928247888,0.0184318274228
0.088332759114,0.804542322927,9.89870044216,0.000501011355654,0.995501817768,0.0947239303207,-0.00180466948081
0.0714431591265,0.82291316662,9.57794295104,-0.00538427076454,0.991741007726,-0.0393785582186,0.121943070227
0.0633165128056,0.81566408424,9.98112776208,-0.00360554020766,0.993311374178,-0.00858878430451,-0.115090168093
0.0556738412644,0.839346989048,9.92704532848,-0.00663330647099,0.994388226595,0.0987641290404,0.0373323033017
0.0450332852756,0.859372669192,10.0111639316,-0.0190087039573,0.977088948154,-0.211228809142,0.0178394719112
0.0411890127817,0.87389479084,9.89242181052,-0.000231173291716,0.99995956367,-0.00755377454832,0.0048742255658
0.0388596428482,0.840530293758,9.95263650768,-0.00874006852544,0.994721943319,0.0875863177365,0.0527304810107
0.0411712372013,0.851749791336,9.89825386506,0.000207904937433,0.995631643879,0.0933677217568,-0.000234554690614
0.0570933154315,0.8380786017,9.84716791315,0.000877521321517,0.998375804145,0.0264896284733,0.0504309749729
0.0570894921187,0.835721440421,9.84030271163,0.00256209392088,0.996957349423,0.0558824692718,0.0542828585706
0.0584594729078,0.828839220062,9.89400003948,0.00970226695424,0.998130882856,0.0469995279269,0.0378371653191
0.0569221146299,0.816699925305,9.77594740825,0.00720950458743,0.993133053577,0.0894809315111,0.0750194896811
0.0468809949284,0.833595584054,10.0626652437,0.00854183106264,0.996109625059,0.065507708885,-0.058321454577
0.0400779607187,0.821201275748,9.79977394045,0.0115058927247,0.982835206774,-0.168301160705,-0.0746812564383
0.0411755456591,0.835998190457,9.8981371196,0.000209911215429,0.995586118563,0.0938518361694,-0.000263265745106
0.0259717489802,0.837388159775,9.91477413505,0.00273318923862,0.995646794293,0.092045185892,-0.0144109140648
0.0174918967042,0.844103181865,10.1822788907,0.000332471557231,0.997825985891,-0.00349305920881,-0.0658102566587
0.00102282503775,0.855983042484,10.0872228426,-0.0178214460747,0.988590343291,-0.135837047015,0.0626085127669
0.00198834253912,0.865441243476,10.2583713903,-0.000172468029912,0.9999553588,-0.00852751202319,0.00406598085533
-0.00332039370894,0.829476483553,9.9918962492,-0.0130248326423,0.992141467977,-0.12367292488,-0.0138082912024
-0.00545278032284,0.826757336305,9.85087661108,-0.00792913216613,0.985954349602,-0.157980847084,0.0536022510671
-0.0064996415132,0.841152807105,9.83644761552,0.00903073867003,0.984982748245,-0.161741009848,-0.0597266871083
-0.00596839077141,0.83596824353,9.8976090455,-7.67284442459e-05,0.995579296646,0.093917162825,0.0011936206864
-0.00622884167409,0.836530344175,9.88502923291,-0.00189246810881,0.996404483109,0.0804527722144,-0.0264929433644
-0.0143080308824,0.865447188695,10.2583944366,-0.000146968998588,0.999956639596,-0.00857740435775,0.0036229079796
-0.0373883318995,0.804456665449,9.89716893646,-0.000265943018437,0.995482558608,0.0949197761295,0.00215427032453
-0.0396303317336,0.809249346941,9.95720024157,-0.00661786053654,0.995390187708,0.0867236978394,0.0404175502626
-0.0373883318995,0.804456665449,9.89716893646,-0.000265943018437,0.995482558608,0.0949197761295,0.00215427032453
-0.0471648034504,0.830499623695,10.240409902,0.00254933953151,0.997362004643,-0.0635375974153,-0.0350072317893
-0.0530985016171,0.788704032602,9.89699514473,-0.000361146993229,0.995433432183,0.0954208352162,0.00264874912915
-0.0524431498623,0.787509159259,9.85858660436,0.00294501001841,0.995227142692,0.0841548251554,0.0493176111455
-0.068936928907,0.809197201232,9.83135795706,0.00961822305856,0.985724712963,-0.157491743379,-0.0587420701631
-0.068816953116,0.804455841883,9.8970733453,-0.000457955817783,0.99547978652,0.0949204610336,0.00314499335241
-0.0690182574646,0.814711403718,9.87790416083,0.00602631933991,0.985597340166,-0.165797308167,-0.0327539178829
-0.0631934418548,0.849108186769,10.2580652542,-6.55600513413e-05,0.999957726592,-0.00891639936515,0.00224467219676
-0.0689591162987,0.825676711383,9.83816143157,0.00932569080572,0.985467642611,-0.160178700864,-0.0557614620267
-0.079064084128,0.827830373545,9.91160755747,0.00317476194335,0.991708737169,-0.057891898812,-0.114683170351
-0.0845400169083,0.835960798921,9.89729852011,-0.000554835182329,0.995571983972,0.093930761218,0.00362339406009
-0.0965067907187,0.86906514094,10.1239172696,-0.00186994286274,0.990050275306,-0.133167659547,-0.0454238938331
-0.10038070947,0.851831771634,9.88295507871,-0.0024698383267,0.996265342863,0.0830161592533,-0.0236132126376
-0.114791902995,0.867638184256,9.95046426154,-0.0107563131528,0.988271566973,-0.150888032695,0.0208905057127
-0.114402119398,0.854322362528,9.85829964364,-0.010398810271,0.989767868828,-0.128933729414,0.0602289299298
-0.130877874905,0.867855376135,9.9031036393,-0.00814491158867,0.986583459513,-0.159919847374,0.03181792336
-0.130381699411,0.844636819884,9.73489667748,-0.00951567345842,0.991789556803,0.0963368327783,-0.0835592102945
-0.131691769936,0.851733148825,9.89757090513,-0.000841244029943,0.995615695677,0.0933974717884,0.00505876404132
-0.129149627519,0.859259427013,10.0125763468,-0.00362410958129,0.985696501779,-0.159856404224,-0.0532466171563
-0.128387239204,0.881771219957,10.2581130209,2.47672904647e-05,0.999966276334,-0.00818959155013,0.000613327736888
-0.129228674713,0.843367161821,9.98649744422,0.00897533146533,0.995116069338,0.0812906227551,-0.0552746472005
-0.145162773446,0.81425826721,10.0165267756,0.00912284627218,0.996196190402,0.0735399682851,-0.0458453593012
-0.151931896677,0.821173146999,9.98295892927,0.0184560847519,0.989592914911,-0.140351197702,-0.0258220254436
-0.163110980073,0.788750837701,9.89736741301,-0.00103346527413,0.995428664416,0.095304273504,0.00614828916422
-0.166550081403,0.79072419114,9.95279498932,0.00552791318656,0.983893766034,-0.166769400345,0.0641129194784
-0.177534510896,0.776780654222,9.90954772586,0.00811324853504,0.99677105796,0.0638633580502,0.047990673161
-0.181327787748,0.776880380547,9.9513342125,0.0104662453263,0.989077876399,-0.146473696727,0.0126833865221
-0.194258153818,0.755903147384,9.891737065,0.000951041425626,0.995628325602,0.0900432100895,0.0248103425154
-0.19703716448,0.731880755587,9.90941765495,0.0144310829176,0.994016784584,-0.104919340015,0.026726539271
-0.204521672387,0.704736822199,9.9099397735,0.0247776062864,0.997312520048,0.0686862775873,-0.00600023773968
-0.214105542931,0.681487933826,9.89431308073,0.0601717127495,0.99657816613,0.0485263128395,0.0292663755925
-0.211596226887,0.668822015428,9.90151783721,0.0882534158636,0.99301605957,0.071938763542,0.0309071888852
-0.210309685344,0.639359069194,9.89036200332,0.120594519215,0.990181078934,0.0693269011196,-0.0138626706602
-0.20939004891,0.615982045499,9.87836355658,0.143432003251,0.988224016695,0.051540518159,0.0135693867965
-0.22386466992,0.554492164895,9.80987362976,0.188324787292,0.979897179643,0.065841840644,-0.00037926113063
-0.243323378988,0.514968543242,9.8479025079,0.202136066508,0.977377325405,0.0565171251804,0.0260842665537
-0.266475421349,0.477356612165,9.82634387868,0.213300538793,0.974479230487,0.0693501230604,0.00914712691359
-0.286415790892,0.450839598881,9.81714594383,0.223391650248,0.972218062196,-0.0581304313562,-0.0388466612398
-0.323676056673,0.412076418657,9.83008627284,0.218503865205,0.967458179446,-0.127358589723,-0.00777955893829
-0.342942676967,0.348180518243,9.68311537979,0.222449103106,0.972931428631,-0.0212707444422,-0.0588930143595
-0.372485879363,0.289919582115,9.75704063242,0.221949707537,0.971550492275,-0.0711469544302,-0.0420247446195
-0.406844984703,0.208650432731,9.62422126282,0.216841182361,0.973828790098,-0.00881945984564,-0.0675248571798
-0.42941772862,0.160243471785,9.84236642735,0.208460210829,0.974034186092,0.0880626295836,-0.0068350637662
-0.425907382398,0.112924898764,9.54153356632,0.206620151398,0.965684283943,0.0410893396629,0.151900108453
-0.447791802934,0.0505815680016,9.84316119298,0.201559896417,0.976903995568,0.0676968781005,0.0211972709213
-0.449875397148,-0.0137801741659,9.87786173091,0.199542372827,0.974874972082,0.0980372808469,0.0137957174376
-0.429712542995,-0.0490841294885,9.68007114302,0.205223698035,0.975729258405,-0.0138792763312,-0.0751199956417
-0.425117761137,-0.134083670252,9.65475295323,0.197449220435,0.970477331445,0.041286462424,0.132223229884
-0.431566177129,-0.173105568908,9.9237826379,0.189497678755,0.979486261469,0.0666940187385,0.0157861079627
-0.417334923341,-0.202755234014,9.95966743913,0.186577835443,0.975742701163,0.114052913609,0.0103356347707
-0.389566937232,-0.275247156758,9.85304980908,0.186317770998,0.979983503138,-0.0288804476051,-0.0639057238029
-0.369152085953,-0.275787052749,10.011304933,0.172214758374,0.976620910845,0.125491110161,0.0283840583496
-0.341858173149,-0.30373476701,10.0272493453,0.171552661111,0.981565269551,0.0790511678316,0.0291585140551
-0.302544531603,-0.339595503767,9.85691820079,0.171452830792,0.976865833346,0.0723382052559,0.10537672663
-0.28262015899,-0.359077712106,10.0638006777,0.164297232036,0.976828169012,0.136481773552,0.0136335343536
-0.251139897201,-0.341295489861,9.87122748863,0.161876987357,0.982072575827,-0.0145013206595,-0.0954934996266
-0.221721446004,-0.400458762221,10.0759604096,0.163731895639,0.974605361978,0.152696475601,0.0044767280444
-0.191597878283,-0.335241030164,10.0984340114,0.166633076882,0.974346061433,0.151109244216,-0.00701188789603
-0.152354746067,-0.356456735095,9.89070522264,0.170169787427,0.980774013,-0.00914808310423,-0.0950836024074
-0.131622024242,-0.366306790827,10.1240153866,0.17061403858,0.972521423405,0.158310692271,-0.00553674729532
-0.104525897613,-0.33853875207,10.1083856032,0.180726484672,0.976771598778,0.114089147872,0.0154547046699
-0.0513526791712,-0.349701789395,10.1361548211,0.195242942697,0.977829617006,-0.074262175306,-0.0146479606593
-0.0383073052593,-0.319447558413,9.78703819664,0.197562019725,0.970144120095,0.0552857509584,0.129356562832
-0.0321050843567,-0.308621196014,10.1633651892,0.190835055389,0.969572390703,0.153321528096,-0.00196719183046
-0.022630173317,-0.246608720931,10.1765928477,0.174625509747,0.975240367309,0.135678721933,0.00185519029888
-0.0194469714001,-0.236509991765,9.91164381092,0.148893483662,0.981753858357,-0.0194798504053,-0.116664594252
-0.022179039449,-0.260532930423,10.1997731253,0.121855036391,0.99180782235,-0.0382920639409,0.00152035184879
-0.0240719716508,-0.1939774247,10.0367685417,0.0864851479791,0.991640464063,0.015822859547,0.0944412321419
-0.0330965876199,-0.172356419641,10.0719701819,0.0305737713845,0.994908068036,0.0144810389375,-0.0949393499611
-0.0302116750126,-0.122500120559,10.2452656382,0.00374141109427,0.988443944517,0.148386197115,0.0307588506977
-0.0445850842434,-0.0855860383989,10.0461061886,-0.0119542702032,0.989798786931,-0.0955633190138,0.104990994251
-0.0567816846161,-0.0881437960481,10.1737384406,-0.0298331976798,0.996084444836,0.0281934966935,0.0782999732805
-0.0583112077754,-0.0504562814167,10.2960133843,-0.0398437123035,0.996366259731,0.0750347389924,0.00604508091468
-0.0462528455289,-0.00137284799024,10.2622653876,-0.043102638594,0.990774076887,0.126377753395,0.0231852229406
-0.0436806085744,0.0411041634836,9.90360458249,-0.0441822234148,0.990543880795,0.0114945615221,-0.129377843582
-0.0330619323107,0.0582454514276,9.96862480019,-0.0411428096716,0.992396966894,0.00391655277895,-0.115931833105
-0.0222431972311,0.0863290987629,10.206073194,-0.0325941464492,0.994490499225,0.0890216062064,-0.0447372573688
-0.00593660301801,0.154687843402,10.2149527059,-0.028861400633,0.999464021419,-0.00582983167394,0.0143074283218
-5.68078778459e-05,0.142906400325,10.0922590988,-0.0266239844369,0.997007770421,-0.00347736971953,-0.0724884616491
0.0082622553943,0.189736291152,10.1798022045,-0.0257611680467,0.998647492062,0.0412737837728,0.0183309462878
0.0234759748623,0.25344249526,10.1062786881,-0.0193577698346,0.991501839155,-0.113581020131,-0.0604047313128
0.0332087582422,0.320761967376,10.1539427694,-0.0100750999796,0.995980736605,-0.0835591637869,0.0306387143958
0.0363594680121,0.354058550508,10.0163983269,-0.0135487608274,0.997116708144,0.0293345687871,-0.0686599191187
0.0351356242663,0.35559981815,9.79849019431,-0.0156603439186,0.99206103024,0.0251454288942,-0.122218547338
0.02867648957,0.39486197322,9.95320297858,-0.00624751670649,0.987797159391,-0.141621462888,-0.0645066018563
0.0307030832501,0.499187281906,10.0654025741,-0.0116079730283,0.996114024904,-0.0613473416919,-0.0621176948905
0.0211908407654,0.486124911059,9.77619066852,-0.014308352726,0.993946823678,0.019914953382,-0.107090510197
0.0168278172968,0.517264589665,9.96008151575,-0.0135947416939,0.993870610325,-0.0377434667637,0.103013706109
-0.000175452181473,0.56042504583,10.0675497137,-0.0223564033901,0.981749369074,-0.185455361799,0.0357026095754
-0.015773625854,0.572173548422,10.0389850234,-0.0147999369126,0.991894771701,-0.121087386836,-0.035546708546
-0.0338054478371,0.619391827144,10.0946461096,-0.0253592475015,0.99260908679,-0.114198142914,0.0322938623078
-0.0411453566308,0.642280839297,10.0541748759,-0.0172192933349,0.997678941732,0.0460131017855,0.0471489090709
-0.0420250606572,0.659719993913,9.99233904034,-0.0201457629311,0.995877792716,0.0667859217189,-0.0579759508076
-0.0542885642742,0.697392363981,10.0653918355,-0.0248286686926,0.997161231265,0.0646462187843,-0.0295615031583
-0.0649636677327,0.720348105263,10.0758985289,-0.00464509181351,0.990158495243,-0.132462396733,-0.0449253922757
-0.0748303512599,0.73573183069,10.0732325504,-0.01462246862,0.997718557939,0.0657952844508,-0.00385267440876
-0.0814147049112,0.747362188775,10.0067845891,-0.0041630627358,0.986518877293,-0.153205736065,-0.0573687727686
-0.0835528866572,0.76500063014,9.86841361768,-0.00786782313171,0.988103025074,-0.144402280585,0.0523305891492
-0.0849809633946,0.776416069353,9.84080102068,-0.00841719968932,0.996278919867,0.0346917239622,0.0784471087263
-0.100242904113,0.78871194043,9.89698170278,-0.000649615967022,0.995430158713,0.0954000150011,0.00414900735369
-0.115966831953,0.820221400445,9.89725829941,-0.000745829975979,0.995524157638,0.0943918192286,0.00461299886362
-0.115966831872,0.820221401069,9.8972583071,-0.000745829966378,0.99552415777,0.0943918178443,0.00461299884667
-0.1160456506,0.821783819902,9.82915667912,-0.00877754458506,0.996017398169,0.0290721971641,0.083827827168
-0.131232856363,0.832376760404,9.81504194967,-0.00494268345065,0.995218377392,0.0758277579698,-0.0613685774837
-0.131691769936,0.851733148825,9.89757090513,-0.000841244029943,0.995615695677,0.0933974717884,0.00505876404132
-0.131656156468,0.842377806223,9.89148221791,3.840689999e-05,0.999966757476,-0.00814535738166,0.000368267337501
-0.138271258348,0.8639119114,10.0419644751,-0.00968658958322,0.995459242239,0.06932256477,0.0645092941849
-0.14115200243,0.860715669689,9.92777992821,0.00438832385956,0.992217309562,-0.0325882445202,-0.120098124622
-0.147409087648,0.851744555123,9.89767880229,-0.000936424211818,0.995615458289,0.0933717995463,0.00553979927422
-0.14746827329,0.852071588017,9.89517793441,-0.00162265759221,0.996039138316,0.0887899434594,-0.00444385713524
-0.147413412993,0.867495989916,9.89779750175,-0.000936122001184,0.995660476075,0.0928921166214,0.00551314138387
-0.160713796695,0.868891906583,10.1013965203,0.00631251961226,0.997408519521,0.0547253055877,-0.0462767567132
-0.162995499843,0.86019414067,9.86539034937,0.00830109750989,0.985427183746,-0.165705015269,-0.0374994030655
-0.163131663894,0.867509736118,9.89793278703,-0.00103102037799,0.995660447421,0.0928619252295,0.00598943081956
-0.162461302262,0.852892742723,9.8199424869,0.0098036563453,0.988705141813,-0.13713189327,-0.0596730653
-0.176700279621,0.884158083525,10.0919755552,0.00665967899452,0.997225204719,0.0568262901318,-0.0476268044148
-0.178846705205,0.851773813923,9.89797940499,-0.0011265058465,0.995615589474,0.0933062745814,0.00650139248949
-0.192642299296,0.882311917663,10.0703092616,0.00719026186266,0.99680787582,0.0621353900636,-0.0496140316839
-0.194571503066,0.867543762335,9.89828772038,-0.00122050129313,0.9956609937,0.0927874576383,0.00694144840677
-0.210293336113,0.867564037599,9.89850730781,-0.00131505821543,0.995661568397,0.0927431839137,0.00741712049722
-0.212171768525,0.85976673222,9.91896239169,-0.00572391172229,0.999801521994,0.00502397532404,-0.0184095932633
-0.214664923489,0.873810913295,9.97097917086,-0.010551988495,0.994482686074,0.0833293917887,0.0628415077967
-0.218812547432,0.881822506138,10.0645418627,-0.00962666122163,0.995762723674,0.0638771290964,0.0654495065939
-0.212327517566,0.86740371752,9.92902602035,-0.0101039392284,0.997740912621,0.0661877608139,-0.00549199525178
-0.210293336113,0.867564037599,9.89850730781,-0.00131505821543,0.995661568397,0.0927431839137,0.00741712049722
-0.196112359192,0.870115279248,9.92804362602,-0.00606072491126,0.99537072322,0.0895887406435,0.0342673097957
-0.193566422625,0.898062074585,10.2576220864,0.000105697175247,0.99997104431,-0.00756849188979,-0.000785684735397
-0.165120443979,0.886698234505,9.94102851185,0.00998437293813,0.987623749886,-0.156438425302,0.00516333678815
-0.146808157294,0.883381959525,9.85625177409,0.00794575534999,0.994472942542,0.0774156543061,0.0704787059499
-0.146365847729,0.881843427252,9.92449509644,0.00909631511731,0.997941066779,0.0584110372588,0.0248804142487
-0.130476948301,0.874649114953,9.90740588974,0.00923666608917,0.999300451427,0.0208221964939,-0.0296602075238
-0.115984069162,0.883226112545,9.89773378615,-0.000746163453247,0.99570549366,0.0924628348533,0.00454283022313
-0.115984069162,0.883226112545,9.89773378615,-0.000746163453247,0.99570549366,0.0924628348533,0.00454283022313
-0.115737688759,0.881712947731,9.89117844391,0.00130079898645,0.996008101673,0.086526208142,0.0218948539223
-0.11430405515,0.870867514722,9.93681804951,0.00832575391525,0.994820036741,0.0895530779536,-0.0473711151375
-0.104157596208,0.871658100504,9.97320096776,0.00512002596419,0.983594683272,-0.168619836899,0.0638955004435
-0.0969820971019,0.888864118526,10.1249720333,0.0107895293187,0.997991445236,0.0622914224388,-0.00405462502126
-0.0812870174367,0.893888333335,10.019523716,0.00903444351496,0.995658087505,0.0733522734924,-0.0565932468612
-0.0836087249475,0.885920905048,9.92839085635,0.00531231929135,0.995541731771,0.08950901634,-0.0292673121581
-0.0839083562651,0.887181057848,9.86852320284,1.75569892542e-06,0.99892107114,0.0138140476692,0.0443380842611
-0.084553113623,0.883213724613,9.89766124261,-0.000556258344158,0.995706940036,0.0924901637991,0.0035985748685
-0.0890128886001,0.891526536262,9.99244561596,-0.0103544900046,0.994799143181,0.0788988378956,0.0635800490915
-0.100268302989,0.883218811694,9.8976834819,-0.000651235629088,0.995706116656,0.0924788314115,0.00407073550568
-0.105915945573,0.898227855225,10.0413811014,-0.0135367644058,0.999110201381,0.0391840142468,-0.00775722462529
-0.117291236125,0.884790867442,9.85113545972,-0.0135434980127,0.994192677245,0.0874476536092,-0.0612405262314
-0.117891536825,0.886552200932,9.93551954001,-0.00742876379612,0.995141471395,0.0885287459716,0.0424373245466
-0.119627760312,0.889307515815,9.96698257713,-0.0100658200095,0.994655479117,0.0836431810807,0.0596906641701
-0.124462639142,0.883190610501,10.0425854226,-0.0089725761904,0.997029105641,3.22213953278e-05,-0.0765013355632
-0.128397400583,0.914458254467,10.2586167472,1.24418327121e-05,0.99997039608,-0.00765364945962,0.000792754520577
-0.131254919492,0.879325686997,9.81639901937,-0.00480458204141,0.995354934752,0.0743569047165,-0.0609632723564
-0.135473002086,0.905264555424,9.9681527069,-0.0101912481017,0.994688399419,0.0829942509617,0.0600256681002
-0.131705043812,0.898986761379,9.89793627254,-0.000840925056039,0.995748802076,0.0919711065612,0.00499315203731
-0.131705043812,0.898986761379,9.89793627254,-0.000840925056039,0.995748802076,0.0919711065612,0.00499315203731
-0.13170963759,0.914737829658,9.89806273313,-0.000840823699055,0.995791909023,0.091504368617,0.00497166610322
-0.131681120235,0.921176681121,9.89270370551,7.7322902939e-06,0.99997604449,-0.00687371042391,0.000813936115503
-0.130969379634,0.938148218196,9.98131940841,-0.00117695264686,0.997139769586,0.0752118814643,0.00735306598543
-0.115997883781,0.930478946102,9.89811503403,-0.000746461895073,0.995834800795,0.0910621530718,0.00449183680888
-0.115997883699,0.930478946811,9.89811504172,-0.000746461885498,0.99583480092,0.0910621517103,0.00449183679153
-0.100608312859,0.931328575882,9.90730324862,-0.00203777815336,0.995870122781,0.0900421646304,0.0114435397371
-0.0815810789472,0.941070665903,10.0427398594,-0.00636896580117,0.98539234841,-0.164778829751,-0.0425357876924
-0.0795353165768,0.956870470474,10.2161881024,-0.00717736908838,0.991679506258,-0.128484606781,0.00345659665635
-0.0740840817786,0.942254187873,10.0256998925,-0.0099143092813,0.995484016435,0.0708949978234,0.0623472435382
-0.0745166850972,0.943742144458,10.0418825099,-0.00958711937603,0.995768531771,0.0674252493915,0.061700518804
-0.0771380967733,0.962545494629,10.1145466837,-0.0161643234682,0.996907559998,0.0755795011529,-0.0142045932923
-0.0735900105509,0.971311503235,10.0806869603,-0.0225958013667,0.996630697702,0.073260285258,-0.0291481176592
-0.0730443692166,0.975552048536,10.0990498116,-0.0226867869526,0.997232036774,0.0693433739201,-0.0143203010907
-0.075619201351,0.981829476127,10.0891211573,-0.0162696277674,0.996649834055,0.0797269730216,0.00824725786671
-0.0686751006003,0.995585151296,10.1487371724,-0.0226230557425,0.988297273706,-0.150541859013,-0.00968735352578
-0.0514401418871,0.993913679792,10.1147215653,-0.0151663501613,0.98456780441,-0.169442212832,-0.0410555337601
-0.0415465477035,0.989349522608,10.033060335,-0.0125832687712,0.996323693885,0.0828067717092,0.0179943577338
-0.0251698131082,0.986608391099,9.99293097489,-0.0106094566741,0.995593140119,0.0793784933152,0.0487933763644
-0.0149796269489,0.982633725622,10.0894329811,-0.0183303044687,0.987227727531,-0.14406556433,0.0655021152875
-0.00731672558354,0.955488470407,10.0375749371,-0.013657071014,0.983040532246,-0.169908647434,-0.0676450138609
-0.000604578536687,0.95859077659,10.1065909236,-0.0286442338081,0.997731751185,0.0605029468728,0.00708900320319
0.017608406846,0.846640457023,10.0822997457,-0.032740258784,0.996890326059,0.0676518899603,0.0236849118624
0.0278384577693,0.800333375829,10.1338850766,-0.0313455620955,0.997726821596,0.0579573422669,0.0141276920072
0.0403392270707,0.741029371822,10.0826206459,-0.0548086039009,0.995734581601,0.070773804637,0.0223546084813
0.0609122223446,0.664183188971,10.0981871011,-0.0765422498435,0.995114898852,0.0617351642025,-0.00874022729115
0.0642067248482,0.597208375977,10.0827532162,-0.107858001744,0.992468848096,0.0575292841639,-0.00791318404394
0.0826351017932,0.529196537247,10.0757866914,-0.135944002376,0.984647064179,-0.106439878566,-0.0256892871279
0.0996888511955,0.456116129421,10.021795259,-0.154248456935,0.985437914675,0.0709039947528,0.00959965534668
0.122439693267,0.366439651642,10.0612164815,-0.17563262267,0.98317194875,0.0494723733519,-0.00886483612066
0.165154704506,0.203860390084,10.0353217126,-0.207448841164,0.977288352328,0.0411272540292,-0.0134537608213
0.183956460247,0.12747768385,10.0049727885,-0.217273916157,0.975753675148,0.0223034177591,0.0141197857123
0.197876390074,0.0570333452187,10.0575236041,-0.234230951843,0.965123019301,-0.114726070414,-0.0226129958449
0.211860683614,-0.0220509504962,10.0637916919,-0.239023552731,0.967236694664,0.0709653631657,-0.0477999473517
0.225317336801,-0.0815338921166,10.0430455645,-0.240889063119,0.96808246169,0.0630995201984,-0.0284122717821
0.237340618119,-0.116398694314,9.95740080993,-0.247272579655,0.965212334955,0.0469918417673,-0.0708038601264
0.252128241985,-0.24227692037,10.0677273701,-0.251696978053,0.958980901115,0.13034841672,0.00368141197846
0.259350639669,-0.291877572639,9.95486805401,-0.255074125214,0.962956646477,0.0504477894045,-0.0714612356189
0.271288042256,-0.357347742337,10.0295988661,-0.255859919995,0.961519484616,0.0994750851257,-0.0109858765585
0.268257818641,-0.417558507678,9.80488241914,-0.255098868912,0.958473103951,0.0615373974613,-0.111655831897
0.269776837989,-0.503823630679,10.068731589,-0.253897449468,0.966186194719,-0.0390646882233,-0.0222322383473
0.255309163148,-0.473672571832,9.75692481769,-0.249837617751,0.9577399699,0.0725806580819,-0.122667692916
0.249735926852,-0.55384954376,10.0870157638,-0.24603394504,0.962135891599,-0.10762295259,-0.0466810888931
0.248853935119,-0.573587736336,10.0808494879,-0.232679539704,0.960524592372,0.14985951456,0.0281933528871
0.227851972218,-0.580357478811,9.83102792579,-0.233769518583,0.965256586892,0.0555897106484,-0.102670919509
0.227075661446,-0.622059722736,10.133387398,-0.222688335595,0.970432708478,-0.0927019340738,-0.00875299517807
0.21816064869,-0.581103158244,9.91935654451,-0.214771892302,0.968644151552,0.0629252559304,-0.107897887407
0.20831255057,-0.650292687672,10.1590682793,-0.205230365951,0.973208544825,0.103594893982,-0.0037044719783
0.212877793802,-0.601163069853,10.1863395783,-0.200762217204,0.974458119181,-0.0971055531254,-0.0263897263813
0.20823835545,-0.589224946745,10.2123497083,-0.18717015536,0.971029944388,0.148272889604,0.00912854060198
0.216765464726,-0.609449701106,10.2125393047,-0.181709210532,0.980849213821,0.0620760093757,-0.0326060058127
0.227842628413,-0.552881600542,10.2575204221,-0.175436261471,0.97707602342,0.120544875684,-0.00367363115013
0.223440825615,-0.542683661036,9.9873761309,-0.176250198514,0.97540295922,0.0615440856945,-0.117206058651
0.264892590202,-0.500199470331,10.3005840682,-0.168545834713,0.981177447018,0.0942444444051,-0.00105060117313
0.283951169705,-0.500114413779,10.2505592013,-0.154381966577,0.983014863844,0.0982346076616,-0.014069389271
0.300476226051,-0.476866223221,10.2674729904,-0.134705337498,0.984199761283,0.114908565122,-0.00115047919538
0.315868661073,-0.436250133639,10.2797650926,-0.106259199817,0.981993539228,0.156132748063,-0.00449848319247
0.327396318662,-0.410677896568,9.91336827696,-0.0801793685117,0.985635687416,0.0350082055255,-0.144457558136
0.36101263808,-0.366320431519,10.2906496754,-0.0579859996549,0.988098218444,-0.139323822563,-0.0298061573877
0.383467009996,-0.29892811623,10.2486435597,-0.0277705460307,0.998364117891,0.0485749998227,-0.0117624093084
0.386214059022,-0.268166509144,10.0362707256,-0.0156829240103,0.993048050876,0.0196876888493,-0.114986996886
0.434013660603,-0.126563446711,10.1349989946,0.0127568789129,0.993631579551,0.103355210139,-0.043026116446
0.442332838279,-0.0934844137779,10.0022813727,0.0269952379512,0.996655894257,0.0309064864655,0.0706616916318
0.450228623136,-0.0723872162433,9.95473651133,0.0284773697856,0.990843832727,-0.0284052973392,-0.128882417886
0.460495549394,-0.0208088802598,10.1611151197,0.027832825168,0.99004892979,-0.127701156933,-0.0521619112303
0.429044943585,0.103331055857,9.7820493693,0.0308833084781,0.98582105363,-0.0473924401387,-0.157977935469
0.41336364105,0.146970407803,9.78115917219,0.0299731343968,0.986546179063,-0.0517029352223,-0.152167849036
0.405080844273,0.203835446012,10.0632458425,0.0230157863262,0.988502294641,-0.137323175088,-0.0589561926581
0.385470526106,0.306589521263,10.0945006798,0.0199155961707,0.996483139573,0.0810316916073,-0.00765418395503
0.325134684843,0.487019877378,10.0299102152,0.010578914877,0.983584495374,-0.179582023207,-0.0141394469734
0.277622283757,0.550713479286,10.1896929969,0.00298344761198,0.997610731419,0.0457879860427,0.051646761104
0.260625092501,0.670245687038,10.2041265738,0.00653365678266,0.985309248549,-0.154492352471,-0.0724921311623
0.246326102669,0.718037686316,10.2523111199,-0.000495729461021,0.999903906416,-0.00772691050416,0.0114990017535
0.24337203402,0.771020006862,10.1055548156,0.0117135784344,0.990099209788,0.116914202949,0.0767946352732
0.23159389962,0.827078189267,9.88905308278,0.0165564695443,0.991988106625,0.116168947728,0.0468001625373
0.224393456301,0.869387635835,10.0535407286,0.0155908707373,0.978759880661,-0.170643840831,-0.112546436389
0.224874494661,0.93902850539,9.97343075116,0.00554655809715,0.99377536217,0.0299245085417,0.107164775117
0.218306017865,0.945496129764,9.86168605986,0.0134795774072,0.995724608823,0.0069132268841,0.0911208629825
0.197640762936,1.07244378879,9.93970484081,0.00780048399692,0.984338148065,-0.173593342782,-0.0297138697461
0.182433803086,1.05289815348,9.87843050987,0.00394572930178,0.994460613164,0.101154925853,0.0282878253199
0.193307223182,1.13530211957,10.0811247098,0.00987543703804,0.997455070587,0.0312061381782,0.0633406255452
0.174763053218,1.13538006518,9.97338092954,0.0108622606502,0.986584099753,-0.0980412430615,-0.130083588767
0.163998940257,1.1783892311,10.2421657661,0.00574996993974,0.98025785163,-0.19140998863,-0.0492310716523
0.160187101935,1.15729899041,10.1325657486,0.0151936818664,0.99496070229,-0.06662951786,-0.073367978566
0.163608903016,1.19193083122,10.2240103159,0.00756686274921,0.979942721741,-0.190057562338,-0.0594401185435
0.149548129973,1.1699280505,9.84167075988,0.00900708870215,0.980204610731,-0.185827679616,-0.0677190294084
0.135360575455,1.15746928949,9.89636667289,-0.000336139303441,0.99997991468,-0.00338727951711,0.0053463617192
0.13223802113,1.20190012515,10.26906417,0.000683474222419,0.996212432559,0.0869277311312,-0.00197272335025
0.116851652593,1.14181367987,9.83888733188,-0.00706560070161,0.994210666438,0.067735631206,0.0831090385767
0.10033239225,1.14272068587,10.1093433833,-0.00721871542118,0.997677180493,0.0480751221172,0.0477170441809
0.0907379630668,1.16393423781,9.96943223309,-0.00467836393319,0.968859036658,-0.244689679956,-0.0376462550547
0.0733623988291,1.11910030492,9.84625759649,-0.00103563458911,0.987560306416,-0.13255876196,-0.0845679802363
0.0632136258553,1.09464703564,9.84960452347,-0.0254588858973,0.986489480992,-0.11386065087,0.115004787748
0.0701534334162,1.09212768078,10.0070985927,-0.00862165689293,0.990920660535,0.129013130282,0.0368445894531
0.0726392159537,1.1024301852,10.01638803,-0.0138030415429,0.990842070599,-0.121358005875,-0.0575647599206
0.0756275242771,1.00626206843,9.99882225389,-0.0131689669739,0.990759086344,-0.105191406069,-0.0846036596438
0.10389948508,0.997072731401,9.93570652842,-0.00823854480789,0.995383395793,0.0841039488375,0.0455032696503
0.11817069292,0.994327347135,9.98326206652,-0.00739628769398,0.990296843423,0.134970486425,0.0322556139204
0.132311644756,0.947054890789,10.2589491186,-0.000342771693298,0.999957420052,-0.00653259609135,0.00650889992079
0.132382719597,0.955667613215,10.2602136707,0.00210794032131,0.994956441462,0.0994447089592,0.0129609429112
0.130272465785,0.937291518862,10.160888236,0.0100487475958,0.985033313054,-0.153040624506,-0.0786572444027
0.1310187986,0.886174212417,10.0988260796,0.0014067511991,0.996022578406,0.0202831162056,0.0867504441098
0.132168181306,0.879250428543,10.2226914751,0.0073499576187,0.989418955795,0.139552280134,0.0390034504259
0.116043747394,0.865347651138,10.25763136,-0.000334516675763,0.999945904893,-0.00779219104148,0.00688165272878
0.0827842688373,0.872237374479,10.2331348951,0.00733449662632,0.97803518392,-0.202881494754,-0.0472491614832
0.066826044654,0.836527193013,10.0770639415,0.0017467189556,0.995190074546,0.0228390656897,0.095247265452
0.0495950664673,0.808552349357,10.1506192053,0.0107704167182,0.985467309935,-0.15015819406,-0.078680975649
0.0498753724425,0.814070856174,10.1841362246,0.0104305085739,0.982498453776,-0.173593350893,-0.0667333600553
0.0476853566356,0.82052603307,10.0998755882,0.00742098103191,0.99687287471,0.0566641980141,-0.0545762711381
0.0393964417385,0.805328485621,9.81921771305,-0.0093232721131,0.995520233994,0.0327047002594,0.0882209889283
0.0345731717971,0.812522008176,9.915316886,-0.00527200911264,0.991133493122,-0.0384119563434,0.127087081723
0.0345768831462,0.780721988935,9.91197220756,-0.00509100157627,0.991115618863,-0.0369353984419,0.127670231814
0.0553878619587,0.807431531986,9.93461485506,-0.00700325684104,0.99490862437,0.0913222755868,0.0420478956523
0.0671719703285,0.777080371784,10.2642403682,0.000374998208363,0.995078926013,0.0990771207642,-0.00123065924869
0.083484250375,0.783650289758,10.2563769576,-0.000305257520189,0.999932268044,-0.00929559242958,0.00699700677016
0.0893697575603,0.751214873482,9.9113337125,0.00722949849912,0.999646264667,0.0255778205076,0.000924655119184
0.0967538735356,0.76989249009,10.1589349845,0.00822719842857,0.992197401252,0.122242161955,-0.02309727246
0.0963382940558,0.763134581183,9.76696070037,0.00759774223972,0.987543318888,0.0473445022014,0.149863156727
0.0957476007532,0.744205514052,10.0296417262,0.0182541776507,0.99043671928,-0.0969676516366,-0.0964321763486
0.0942479148773,0.757768220024,10.0574951685,0.0173270034197,0.99203609208,0.123852396056,0.014991696169
0.0906764023375,0.754532892333,10.0014668367,0.0225111447443,0.998017995886,-0.0165295932117,-0.0563923824484
0.0870211354267,0.774359774499,10.058374772,0.0154314912635,0.981674581071,-0.189931181285,0.00174135919218
0.0746698234468,0.793676537403,9.96312731359,0.0203391164405,0.997547851326,0.0109190495151,0.0660710149373
0.0509260482012,0.745733769241,10.0412909592,0.0186616916143,0.989035792477,-0.123934255398,-0.0781040511436
0.0337162139074,0.781653778137,10.1837241401,0.0104363486949,0.982920474589,-0.17150140635,-0.0659218543472
0.0122715331688,0.760547254808,9.97899913512,0.0126710239932,0.998148385073,0.0587463018173,-0.00938714809195
-0.0148010514944,0.781654401008,10.1860280596,0.00958457331048,0.985595740736,-0.155944324741,-0.0647343755529
-0.0306172950384,0.809693103418,10.2633501665,-0.000219713956992,0.995166555659,0.0981830825629,0.00188693451994
-0.0525074917989,0.758723073867,9.82285440958,-0.00896523597894,0.995819452,0.0282242772335,0.0864096854303
-0.0632097921149,0.809690172645,10.2632210323,-0.000416752657352,0.995163509664,0.0981885464887,0.00290253154972
-0.06851830712,0.788571643903,9.92641067615,-0.00304532545287,0.984863132472,-0.169875846091,-0.0343152037103
-0.0795064064435,0.809691856667,10.2632016589,-0.000515251212615,0.995162294037,0.0981840749842,0.00341034627959
-0.0795147932578,0.842361446633,10.2634380724,-0.000516282969762,0.995261372309,0.0971750374699,0.00339798975081
-0.0780012859085,0.796614892558,9.91338231803,0.00517441701139,0.991368105102,-0.0388576711923,-0.125110299277
-0.0795147932578,0.842361446633,10.2634380724,-0.000516282969762,0.995261372309,0.0971750374699,0.00339798975081
-0.0795741624581,0.848607930948,10.2046307739,0.00936385847763,0.985108613821,-0.162957007543,-0.0540217624878
-0.0681663917628,0.792634577171,9.86399344357,0.000147126747575,0.998814457531,0.0156659201194,0.0460894426946
-0.0613717448542,0.86911464237,10.0988142206,0.00170631153668,0.9954769317,0.0215832331199,0.0925036810218
-0.0627747729563,0.794290495456,10.0289758835,0.0112307540652,0.988978088523,-0.101941045839,-0.106790607069
-0.0633936383588,0.807434901788,10.2473574698,0.00621466258938,0.98132531928,-0.190024129469,-0.0292031835296
-0.0622852456286,0.828430715537,9.91688222073,0.00535376832948,0.991272139662,-0.0406895080662,-0.125280669813
-0.0544288831315,0.828717094568,9.93943159235,0.0034950558781,0.97370778081,-0.226597609085,0.0231185149152
-0.0684110995997,0.796530073721,9.91053097487,0.000304118521174,0.999693563618,-0.0241323740314,-0.00550589646439
-0.0702324922139,0.79114667857,9.92805790213,-0.00616004626309,0.9950402745,0.092343270426,0.0364640420093
-0.070799307164,0.805670315104,9.94351544292,-0.0110426843218,0.993784669597,0.109822320583,-0.0144619327685
-0.0653910159932,0.851678593785,10.0749721874,-0.0112058053326,0.993476051486,-0.108142505163,-0.0344233006416
-0.0668326029961,0.805533616511,9.82151452857,-0.00439782016361,0.992289416051,-0.0849501810407,-0.0901434451972
-0.0664809125549,0.790837103345,9.95442883315,-0.00450778488488,0.984443949861,-0.166823921749,-0.0549506013614
-0.0543910593397,0.807520228894,9.93547773698,-0.00829544580347,0.994682362942,0.0901940167098,0.0490226659886
-0.0540725274048,0.828289608139,10.0462840552,-0.0176122137147,0.994453740763,0.103053647056,0.0114679221792
-0.0561399863983,0.859969527593,9.9878566971,-0.0129199016485,0.994872014743,0.0845462482459,0.0539877979661
-0.0511711205308,0.7989161259,10.069226388,-0.0116622793937,0.986377054523,-0.150788236297,-0.0647086187818
-0.0420086662618,0.817740342886,10.134508919,-0.0168716632831,0.990725744434,0.13092657016,0.0321881891489
-0.0287940963426,0.803179197325,10.0364590064,-0.0101704884052,0.996594561633,0.0124846565376,-0.0808701072098
-0.0241544849131,0.79617920453,10.1347941713,-0.0234993546823,0.996844215991,-0.0531398293405,-0.0540883343521
-0.015978669901,0.804869858613,10.1055454542,-0.0111593969536,0.995063423622,0.0508986313131,0.0844605242647
-0.0144686169367,0.825113186763,10.2593608625,-0.00154022712826,0.994534543062,0.103348862527,-0.0147540831873
-0.0135931024473,0.778686627112,10.1818414427,-0.00794881055661,0.989838519566,-0.124536048638,0.0681710655945
0.001294840291,0.790765796279,10.1716124863,-0.0042555322147,0.995067492903,0.0695760841428,-0.0705814673145
0.0019708434218,0.818397690726,10.2646104575,-3.69917012328e-06,0.988066683361,0.154025598231,0.000586777774008
0.00200845868356,0.800063170315,10.2573127797,-0.000170361525121,0.999943876984,-0.00966271286145,0.00434117949588
0.0109947972703,0.76240396806,9.97062506576,0.0157769400235,0.99277964601,0.0868515812258,-0.0812186276029
0.0179357456883,0.756327400935,10.2440250502,0.00515999852355,0.985803027425,-0.164229545071,-0.0345604117602
0.0274080292428,0.759477779265,10.1735010181,0.0270840442496,0.992314304646,0.120487459027,-0.00784522522574
0.0327335182991,0.652538338863,10.1220210315,0.0247667826278,0.992002438935,0.121058042039,0.0257433114354
0.031210996724,0.579304258903,10.1387985834,0.0205234048631,0.99132378382,0.127678161879,0.0235421423006
0.0296517332999,0.52299677106,10.141158556,0.0232068328427,0.99125033047,0.129921044658,0.00217885437961
0.0241383959022,0.442064230696,9.82956343075,0.0251569424106,0.992530351858,-0.00993954769564,-0.118961482342
0.0174344397705,0.391186448102,10.1242030332,0.0154164540903,0.989432658703,0.133115371498,0.0553682644262
0.0136879047588,0.338137062047,9.98455428969,0.0131139540982,0.997896431012,0.0406657953016,0.048754797435
-0.00625942261003,0.220855700604,9.86067210813,0.00674157999959,0.985312905261,-0.164841591614,-0.0440486038366
-0.0124131565742,0.133438901723,9.87108506024,-0.000921302951432,0.990576272118,-0.00650981461411,0.136804322418
-0.0212558586811,0.117724478462,9.87001506994,-0.000164871804571,0.999586807992,-0.00429297907025,0.0284210562074
-0.0212494274763,0.0862861017131,9.86947616261,-0.00012279808349,0.99957840421,-0.00314090550569,0.02886405151
-0.0372895407184,0.0483045910823,9.89471586717,-0.000239321823227,0.992202826879,0.124619501067,0.00186360203977
-0.037289543244,0.0325490240652,9.89472984153,-0.000239261288535,0.992107850109,0.125373470135,0.00185728082359
-0.046967720154,-0.0490486019394,10.2336006814,-6.89999057502e-05,0.999639911892,0.00214031067739,-0.0267481001639
-0.0469676390977,-0.0327516579469,10.2335786637,-4.62657436966e-05,0.999640235661,0.0014898390167,-0.0267801696409
-0.053004278305,-0.0958809963969,9.89443861982,0.000340339605074,0.992493717524,-0.122265991142,0.00267062797805
-0.0531551339382,-0.0989336045595,9.77292544946,0.0117005097974,0.994292999805,0.0124517205406,0.105306615488
-0.064997220537,-0.158773630192,10.0222894687,0.00556922566059,0.991727313042,0.112633082715,-0.0613164657408
-0.0790173779397,-0.114239169946,10.23306535,-0.000113972632997,0.999942031797,0.00397410664441,-0.0100063245922
-0.0775626064465,-0.119220860099,9.7073311336,0.00831530403471,0.98783463895,-0.0133218863329,-0.154712989608
-0.0957081264494,-0.123876971216,10.2604284223,0.000605147810253,0.99229127456,-0.123843108821,0.00453261799975
-0.0950065834496,-0.131239764399,10.2277443776,0.00192213505522,0.997310111746,0.0561945518476,0.0470214711387
-0.0969032510658,-0.116369109006,9.78601114331,0.00568002782839,0.991904894652,0.074246041515,-0.102858847788
-0.100150478136,-0.143149323159,9.89431880827,0.000642963450724,0.992759522456,-0.120018139467,0.00487476879252
-0.103890152348,-0.0783482238146,9.9590178752,-0.00738611664028,0.990217132063,0.122363712987,0.066652819851
-0.108946924504,-0.0839147169776,10.0634911357,-0.000410002587729,0.994784003381,-0.00450074481742,0.101903688901
-0.109007433932,-0.0708717468822,9.86903020237,-0.000489893342372,0.991375449174,0.00349389624568,-0.131004852842
-0.102610320534,-0.0672595337102,9.95567851254,-0.0112827974909,0.986678221463,0.162188350903,-0.00580728876175
-0.0954696653656,-0.0660824566903,10.1666369155,0.00155741403933,0.997757737005,-0.0216653214663,-0.0633062915756
-0.0957071606128,-0.025841354495,10.2607166676,0.000604675097037,0.99171126865,-0.12840212319,0.00461397448862
-0.0933311927329,0.00770242168258,9.86908308984,5.31833580142e-05,0.991278492147,-0.000328316200371,-0.131783308452
-0.095730725732,-0.000158033558322,10.2330925941,-1.38632863273e-06,0.999684054961,0.000254982392226,-0.0251341448816
-0.095730725732,-0.000158033558322,10.2330925941,-1.38632863273e-06,0.999684054961,0.000254982392226,-0.0251341448816
-0.0947236024219,0.0027471915229,10.0525672437,-0.00494233071589,0.994025890329,0.0477023912914,-0.0980437891